100
10.0
237.81437712359786 145.8281619528106 -0.6408598248832886 -33.97923499771752 74.20021925980744
628.5854949316232 171.61582493542767 -7.250900147908135 42.19966330105327 78.00765584028164
375.1397695789238 367.6462953421109 46.88186320151465 27.887176397181733 23.057054230502963
174.5395196075877 563.9155176654705 -0.09344380440056144 0.05470753792800043 145.10037215138072
668.8855988402951 230.93865677781946 -40.427178952340235 -31.05997435519967 103.16220918938104
86.95886084225657 433.17392186726875 31.980136572534956 17.967640195642907 23.89334116715082
746.35593485077 208.22104157505976 -41.08270298373804 -24.364433570379095 19.593230929982532
488.68663758789927 133.35972317823718 34.696505960515175 37.178273094830594 118.26415938634251
551.4813212869458 390.0138313156535 -44.08129362837382 11.42068794189166 147.34767547359064
487.8065154344665 462.1523681615903 -9.96802413693121 -34.28587281117236 61.90875182857979
408.8134357314791 535.6518640957433 -31.594224180487927 30.806945400028063 34.88922441892429
190.91251431393215 193.99435745356922 48.14886538406585 -22.37311093402622 62.67423003254122
268.42634452628613 80.31135393122649 -21.111926152352247 39.14033169665411 115.55436720467712
149.07511852713696 614.2948708684928 -17.968492573718166 -33.78219650741142 19.174479185115104
339.22659565740605 742.75568894043 -17.369797794038433 19.519245426166933 57.99146123482978
560.8113080300247 584.8156494363715 -37.62926724745491 -31.210030995289408 142.84007036477342
422.9201507337078 423.9987746199932 -27.021325052522826 22.474301716613564 145.99351040710667
175.3905649454914 169.9681432775888 -22.065415670068788 -28.40245636033997 18.617280381389385
712.7176111881769 623.9614046966886 -20.829567940977967 -46.403947834299366 19.254731882228043
275.59943991467895 635.789941152198 17.61496467098924 -9.472568175218177 82.83025698722324
160.3087022869219 136.62520616465224 41.44462967607646 -41.246683689724385 21.672499741314226
73.89033003735786 683.5920129867491 22.15242115785395 3.402199331631739 108.49624741365528
99.41787151489102 224.22665661306883 -19.8513896082141 38.17057580069096 27.74263060597143
486.5894301146942 426.6995532731244 -23.37544178082922 26.70009985405769 24.59490859882463
294.2661364153216 607.4292947050438 -14.133764780756742 -30.47458041378398 65.73800193749994
344.15473069823366 506.56634306627944 -22.639794588906714 -3.6719322307614433 38.61718871243181
373.60130759835465 685.5964352235834 42.90605569510239 -30.703308201368152 112.06786528572084
642.6674579758591 311.2259747715571 -19.95323148926914 37.547775985037376 125.05318639343801
174.89530198679273 193.38233779954055 -39.41578792207958 11.563173000199544 133.3062460078059
113.8036859012786 609.1435891142879 38.279573500927725 22.24727741491428 129.43731831571796
435.31001105910275 585.6751149004186 -42.248088975771594 -22.143201617120845 82.63962981213545
613.1521935806747 191.82635276477922 25.319927348023576 -13.212230073029719 47.98688857983553
194.75224520347928 680.9549953243655 -46.60940911111751 -38.139200459570375 78.17252781444375
155.29092932956456 593.003989693135 5.855454008017369 -34.73451300194505 30.799462053435132
257.61595649742253 96.56121845470923 7.583986126911824 -37.12747363029458 81.86928751362971
518.5643111981797 676.9555515357998 -18.622705264049223 21.154128889121605 37.78688599830228
271.6712906147035 521.0614971242303 25.841149226167925 -6.005061407919832 45.594694083007724
242.76680130701013 186.97432149858858 -27.49825001985081 -4.812602241860753 116.00956769844211
220.2216068439468 536.4463146893922 48.96736925218713 9.765812809714669 73.40701122459527
643.3639917219742 82.5568239918755 -42.921256791706085 34.570611046625444 116.54259547665679
474.5129572216254 253.47420296815937 -40.848125134461135 35.97660974952795 126.08560238499463
190.5961164775515 453.38961280671356 44.96916558532832 4.053837006611394 154.38344958163515
72.03516534722338 739.1072336286887 19.666555445727695 7.184202763844794 41.941098697837404
179.61547058012889 654.4906253268083 12.472423202494799 -25.75195150726124 73.84554342702371
169.57823418192922 207.2169860454465 -45.135320839748516 -11.899190620404454 149.82730579354694
457.2072483197046 202.03062693194704 22.89246801963929 28.324198625287178 151.23828925407147
181.6654295030457 728.9224670599119 -36.33808268371077 -40.304299953686375 31.488098224690184
534.8155742928006 387.6916701799983 38.805000670222626 -38.28061728007547 69.99636776336787
61.42896570531377 593.0354685162343 33.315158162987466 -16.695860177699085 56.934883258804
599.4132217626396 412.3789066003794 -41.7966893031852 -22.186691115150946 138.59151052226468
385.46451545869735 160.82157781957875 -8.658376468873474 42.97486757457999 92.43590899192725
130.77506408264333 401.34108772761795 35.64045417035846 8.173360230185311 48.06055609534223
182.22488465258127 493.0068047602432 -42.592069258288646 -7.830242161605183 95.35068629901723
223.18604320118894 503.11446902826077 43.348702600168586 31.651835203667677 142.55430322797454
427.805115818389 165.72839602001088 -40.15484097729195 -36.95672206276057 85.87347165019902
723.469377548227 397.2109709349156 -18.486188928402093 0.42048771989884326 98.41149822615756
348.4343573637005 100.69190217822798 -15.697327336862232 9.972826113130818 25.639859031445912
597.0795117585237 60.33987188601721 14.634073700517447 41.32459734793191 94.56912455841376
607.713190783392 732.5862883358637 -33.55517711393852 -38.306168055475645 57.94966419922628
86.17731873837226 480.58519788455794 28.237634407085498 21.422532309081454 91.03033182359172
252.89640596680937 672.9474389962636 13.336669756390485 14.03855036255922 100.38587066654509
474.0862986365855 342.94798800577803 11.013842310336209 1.2512204512527325 43.24013380040277
699.7847148179991 157.95619041110962 -3.6133183372190514 -43.58011614831502 97.15052861240765
220.0038428985372 159.78113238883944 48.29545247626748 47.53949626046419 135.90042975207712
593.7084162244246 521.6052959708111 -45.14264252227454 46.188810194138306 35.24991856654176
706.6796285690524 124.85964027183034 -1.7187729517158967 8.408803010145395 61.542682765009594
205.49944821512895 103.45522551291609 -44.22730208556537 14.986481508693828 73.4678651043171
587.0353967876517 161.29329433869526 29.697749337029965 33.495642263495654 100.3401801872493
659.2841982275336 199.69155172484207 -8.389059801876432 -42.817688434939285 99.06083827308991
538.1296482931257 209.540391861076 -46.13697699038251 34.15636564809661 30.672454914327126
213.60294217017648 119.95623102918988 49.85078203719372 42.22246858984885 80.45380733933062
401.9034965396891 502.9508045410766 43.24253583872073 -44.46116661459719 154.06114744808474
291.1738731966316 522.6968862811832 41.93089116691668 47.807042854753476 71.54245372232467
210.8997302009944 262.26472118825416 8.303923967005089 -26.293984507756598 66.70714007967328
105.16153584914306 525.4958254482165 37.48982238939469 -0.3214104449931754 109.11489791220382
467.43456118507146 157.22667886161972 3.313906754530105 33.365060516340876 128.11948860867847
332.8578984652129 510.6259182329062 -37.80725544754306 -45.337238315279095 149.46288596636242
50.01742925332285 350.02942989226193 -43.97109675282932 21.59598114105328 39.602980253569854
430.20392273390434 461.24109542701575 3.6517612997427062 -12.511860265459617 126.49572755585697
99.34178407709581 410.9581838880079 5.168440346201841 -7.897260137503082 12.746924494110903
343.7232488707796 341.14151779654964 44.84928899957473 -42.32483607945008 75.1057217278278
655.7799334103521 657.8264359753425 -19.898971749078264 45.05570003975819 115.83570641165394
708.54625237923 596.6420126166719 43.33304777846134 -7.916879636741648 11.636142349105763
353.5663789503368 586.2334919226224 49.10064693226788 -43.00103484647849 81.30335763699799
112.80173355918994 268.0862680444966 -22.16713296167002 31.012230172844614 15.01561887896762
675.9935896107532 463.16898982613225 -16.55392589719148 -8.686554010533209 36.22001386737843
267.4564123489492 711.0494608882125 42.732901984963064 43.360264692371956 67.35750599391872
647.9036254751951 130.07097465562606 -45.05487014090769 -4.577381263617097 113.28665121823954
646.5955238070912 83.00233776542726 31.209228258970967 19.32721123189043 81.96111127122924
523.1618242134679 98.32371265439187 -17.605893782604987 -30.317975886638628 19.103765224706585
123.24680101887496 344.6057227312967 -23.684013709725193 30.457678601732518 28.042569241129026
156.95115326222248 507.76348546852716 29.064499427456024 33.396821856348446 148.4659017142409
229.4368715304006 279.98589797587795 27.689962019570892 -2.868404901169086 68.9852177663348
556.6259990616327 311.63477964424044 -2.6078167597554325 -5.3317354672635435 56.23280026528487
742.6932839406427 86.11682617814347 11.97225138725364 -3.5057023143945876 71.21984401685876
556.1942201788406 346.3813902217257 -29.71151341531133 -22.904064799478896 86.77290368014853
263.32470560019476 326.3026410544968 34.95820685572222 -39.3946951173386 151.2795664452155
663.6278977391913 155.6347083189935 -29.62878480825286 -37.61276752731254 44.11923804583701
583.3618755719857 349.89351875663374 30.63686715296826 -30.559279199988687 14.347493007201914
397.1951415225356 670.9236013051336 -8.788877837815502 -36.410047119544075 104.59238428679981
