32
10
920.0 520.0 0.0 0.0 80000
970.0 520.0 0.0 40.0 0.001
920.0 570.0 -40.0 0.0 0.001
870.0 520.0 0.0 -40.0 0.001
920.0 470.0 40.0 0.0 0.001
1020.0 520.0 0.0 28.284 0.001
920.0 620.0 -28.284 0.0 0.001
820.0 520.0 0.0 -28.284 0.001
920.0 420.0 28.284 0.0 0.001
1070.0 520.0 0.0 23.096 0.001
920.0 670.0 -23.096 0.0 0.001
770.0 520.0 0.0 -23.096 0.001
920.0 370.0 23.096 0.0 0.001
1120.0 520.0 0.0 20.0 0.001
920.0 720.0 -20.0 0.0 0.001
720.0 520.0 0.0 -20.0 0.001
920.0 320.0 20.0 0.0 0.001
1170.0 520.0 0.0 17.888 0.001
920.0 770.0 -17.888 0.0 0.001
670.0 520.0 0.0 -17.888 0.001
920.0 270.0 17.888 0.0 0.001
1220.0 520.0 0.0 16.33 0.001
920.0 820.0 -16.33 0.0 0.001
620.0 520.0 0.0 -16.33 0.001
920.0 220.0 16.33 0.0 0.001
1270.0 520.0 0.0 15.104 0.001
920.0 870.0 -15.104 0.0 0.001
570.0 520.0 0.0 -15.104 0.001
920.0 170.0 15.104 0.0 0.001
1320.0 520.0 0.0 14.142 0.001
920.0 920.0 -14.142 0.0 0.001
520.0 520.0 0.0 -14.142 0.001
920.0 120.0 14.142 0.0 0.001


