1000
10.0
370.2391781615818 796.8233405961457 -25.892442770238368 26.59793688888149 49.627802171287875
185.51831995911752 347.05023701659616 27.17414485261356 24.721859259622715 123.34797584691582
86.42822767309703 840.7315922902769 32.63679032893372 -35.78933720776276 41.698733812678796
810.4452243017577 568.1733596319227 10.013225180785334 22.34566532706279 126.50739107518642
1592.649205662529 343.7017254443571 9.50986884492232 -36.721651119491206 112.13291973423817
1443.2501910324615 416.69025179621804 -23.284737094405383 -46.37620751704278 105.54230559197508
313.7689779837313 263.1740697975249 -0.07778780621235937 -3.1935336106858947 105.5223051060218
285.7655318658882 547.6445930770544 21.251990499172436 37.76761952200862 64.94562224729852
1203.9332961683517 507.02756543618875 -33.32604285459679 33.24197558922399 97.7489903531379
1136.7738470197212 791.0277083838677 -12.962400531543638 -27.135083931440796 116.2458749448098
1258.6880105153728 900.3228953713037 -36.508258728299694 -15.037118915182479 86.97656049191231
702.5965089637767 265.1550878186016 -46.35370275615527 -23.71834393866069 132.87813480849496
332.21073693573504 674.4848287881628 -16.89847829872846 40.097773701769015 91.60886259030259
710.8191540951883 282.9321550617391 -49.085851169428054 1.0044724950653006 85.43395466668176
642.564969698928 380.1642046359615 -19.382617933783653 -16.65156830730733 158.23706929540364
793.4664175947732 586.8197974214154 -1.1886190100482197 -22.8102297206229 73.4294934893721
1216.7422877333693 865.1826823246712 -17.799564793289846 -16.521672679928166 11.910955987498951
141.31899525051824 682.4830185110891 45.8660112037922 -10.185294298499702 32.07667370919672
1708.840851602961 602.1110193318648 -1.2234290256008862 34.52820511033787 100.65320280589968
1380.615254368194 581.0456723082899 -38.769550438788706 -38.21340169052464 141.9087958805742
1580.3190139207125 55.2463399002974 30.839097167977346 -39.88514310221662 110.39075470756875
1257.36228177114 949.8215555752421 -8.176791522842052 -40.944499383067644 53.88820208140989
211.98427709183755 754.6787356195961 -19.478339480867557 -35.08824220758543 159.65267765125205
111.75451040294311 219.64445160491013 6.5235407725737655 38.64670240880825 69.79151316502423
51.69869703457684 482.98195462230433 15.290377072368877 -26.78651138293575 157.07156581135112
610.7132473668368 800.843722071584 33.38615698004558 -7.894634550488144 140.30439773913528
1783.0090384851858 366.59373038156633 39.41633359482019 -25.974211077201794 115.36072743473274
538.859954684494 730.9312218162911 36.576922029242134 -7.793791902629444 98.0319173769827
1773.7022904860637 914.5028596241642 -12.94251239933656 -22.862224348941453 111.80144925368774
256.9642844297409 565.6688278759182 49.571781685874186 -21.928066495001474 87.30666967414288
1615.139033605102 528.3257880329527 18.07224497943578 20.92321205432688 105.9867763737257
1660.2910125888031 845.9247387456711 -33.463949912947285 37.77180857509676 103.61197799023053
1555.9718202337092 463.6918979843972 -35.06265363294695 -4.952962626344448 86.59709361334936
1041.6367028550887 629.2131545497385 20.19766554834196 -5.69409686189124 125.08303065408236
445.19909855078083 798.085015743472 -11.75498693530087 -1.2527039755266256 151.13895714557626
1553.1207311936546 584.7233732815456 31.497207713960083 23.453288032406437 152.94948848753214
1209.4667647678325 526.4885692995514 -32.334658966819404 35.90954715853907 59.01645084021283
455.9808290221864 870.7173662580519 -17.547778070771347 34.668202048356086 94.0777921699762
767.9789460052906 286.500666125565 4.999439534769268 3.8016162638618067 62.02176775686474
346.34004629862335 764.2114935620474 31.689894824196575 10.004085429413479 42.69250141293794
1032.5401890393573 908.7273482091322 -7.401398027176009 4.204198333207132 57.67068911557065
1590.8487308738831 804.7207553806821 -6.281600438989954 3.450827689965741 71.72934813200564
1112.177129298891 597.4990548594391 2.1296407717596 48.93350522159652 94.95450065976752
276.56726737304075 770.4592125358832 34.02414161637813 -36.83231267874353 82.51883449668335
555.8864061608983 399.11758833103136 -49.866742351848494 40.64374737005434 156.56216235368794
172.82422234119957 89.74552580219927 -22.63704134484793 12.527709716479063 111.13115470791661
527.5750954112061 889.324623358799 -25.67947967509938 42.620822500588616 103.81810776199809
426.0470981724545 729.5097145841122 -14.916073811502361 49.86588132767108 135.83884521939427
595.7916976573872 364.44266812562586 10.914368201431635 -44.60265380300292 35.198775446129346
114.79180723483852 312.8481092639563 -33.02714661515155 40.11263248126485 103.97396367726307
1433.823699537844 109.19782166542072 -47.03717351060687 -45.1412000422714 75.89545379128988
718.0664764452839 728.705670788742 -44.02011838874146 39.42824009332205 62.766353733824204
1161.9442568065303 322.67043283453677 23.3855408861925 16.559479927084254 86.38629018560518
1203.3132761855513 778.2145887630836 -18.585113067855417 33.427097332728316 123.43796564192294
411.64629054596213 147.78029994087473 47.084821573019134 18.775846378399798 94.11499412329742
837.4426128971688 587.2882721720939 32.93155394329268 -25.949554653553243 155.37698930465825
1067.5747671330337 181.40454234464772 12.838494238755194 36.00711407839148 33.238805901096015
977.5519290055694 326.12160248676764 -41.88581832645735 -35.36824860149061 88.20151269558089
877.3678254197022 155.4180224076543 -11.460688528800311 -27.135877478544757 56.94017251990229
1203.456296563429 149.70952929442552 -10.968534784833327 -11.217654011817757 68.11494102866725
695.899204611789 313.96966376314833 -20.13884532752327 -47.693753172925334 151.27380084110158
1279.0468997621679 84.85357435991725 45.09171152071263 -20.449198182692708 16.418676409537294
871.4754463719521 61.05905099976631 -8.614321817474458 32.79281672027543 55.066872750245864
949.5073427147985 177.93022218875757 22.35029747567241 30.58494472134604 26.23844483481473
1537.7240779934132 683.4122143789826 -24.05390358821552 45.97368599898294 130.47180678259937
868.3859897923171 712.5619775371116 3.5705143222828806 12.01961532574316 108.39090201225707
911.3984625795347 436.7930902344613 9.332196213508514 -6.020953576845189 101.69861756866392
1557.861180858874 449.9333096148542 23.374520413963886 48.35879177286409 142.41114341182296
580.6515272758616 615.8109293826351 47.00947453684003 36.16934290874049 55.88193198859438
1163.7631355715694 318.5713512694006 2.354865417624108 -26.888500437031194 158.7186065932288
1507.8651106401262 656.136438157936 -47.84516562466814 6.423325113176659 140.46418404506173
1359.134632216837 830.764353102238 40.72483270219382 1.334504956396032 85.95069812298014
1400.5839913859472 568.530568017652 1.6838368057164543 -0.21107448927896177 33.74318283261715
307.5276265913503 664.2817968362468 -7.293857725411579 -35.94959412779446 52.966572645076425
1023.0511016255593 202.4857197523349 2.1844301964191293 31.77359825636913 112.02463426876162
1784.6356384088313 469.61767893069566 48.18579706926411 -38.17053322854961 80.83790213441871
131.18027862438652 936.4146447247997 -19.513501737802663 23.946374274581338 93.16763193124434
910.1444749225487 532.586944627853 38.08364564378053 4.292105945573543 150.31257590951512
1057.2802764770213 795.5907792879729 -44.7450628390864 -10.836141001072008 147.08681378021942
1055.326414973381 391.8188524584521 -21.715862553808652 -29.887013331990143 57.36876027177131
116.55356773840249 389.40187393336805 -25.67153916116801 -49.02002945115347 51.19518634483278
706.4820646902816 721.6210385211019 36.88824545060808 12.057183989250886 142.2717085559996
1239.2689382918654 518.4465890202928 -3.068765267066531 21.08041453823708 119.89765945826994
1654.0211456180295 598.0113384826484 -22.014906591291794 33.98555373649671 98.29887869057416
1736.8267424614853 338.6640502081147 -33.68289541747146 1.3855637242407237 91.48091156346592
487.0299306628117 263.66824873839346 18.24115726496999 23.524917907510602 58.39942248513885
412.8271993469565 444.6809956854794 14.385766580440773 -36.6591347612053 42.338666801346314
1457.4580100581697 154.43727122958074 -39.466614026272374 -46.33397564515357 53.48373784400031
885.1764465597147 385.1015162356421 49.41919740383779 -35.52511375004882 124.01447841781817
1536.5210151603585 93.21178816743823 10.849743541612389 -11.05202535965647 62.87433807552527
1260.536244615412 487.3150405086401 36.96903655096418 -15.772086726703527 154.472273959519
552.1032404194519 57.90854850366534 -25.95274172431624 -6.306120017729477 47.36025803215163
1118.6962038140484 313.89531450162247 4.289012899215095 29.07644107975951 65.09751073305117
1174.4954986209648 889.3702049276925 -16.84324911539076 39.123550999512744 101.04742591916984
1632.21629132026 913.6989129536574 -5.680195621105122 -33.09784164500471 22.811800260960926
271.9483776717518 886.8979200820822 -17.818806916194298 17.792055313210277 71.1443582635458
353.7985967496968 261.8038753416155 6.429670260370335 -12.758954671947864 53.31828066199699
346.5886860000412 497.3624170224124 29.238923803611428 -26.04255282500384 112.41725066550384
752.982903946888 698.477066747606 -20.213426447964654 46.42505455924364 92.69404656062872
878.1538189029553 206.13515714105165 -44.995149651132934 49.998982842136485 36.335983073695516
129.95295381934974 300.00514889515944 -30.15595032667875 -17.316456521606305 98.46435077866802
1061.7634723080573 191.1627697420911 29.315487228268033 -13.716728025019743 26.05145078784694
1572.3576675612676 716.6119664984673 8.982771442814174 -21.9447848285511 155.9285737638789
549.1713521948668 476.17680230998127 -0.79714081505875 25.86688251576699 18.027408794060314
1173.3180485403389 644.5232326070242 25.444939933565934 -7.41317449217147 46.202475415661745
559.3295572769201 75.15204299930042 46.24645416196237 -1.350184961228218 146.2226857725859
532.2584271984795 411.7965666521536 -31.526225041623356 6.938348372272152 89.38007351725321
1215.9450947366342 831.6239237538664 15.782107440066738 -48.86341306391226 85.60237961461752
1254.280686860912 328.641913411438 -23.267636713269468 26.41376896258898 31.93117404571308
1170.401681717873 236.33943117909615 30.045359507625513 -41.5346254029445 69.96289726384234
227.73800470017844 212.01176967732428 -42.105239756509285 30.893038019501205 144.3102140142042
1259.943846909955 531.9952375934595 -39.31979293203801 -7.962569617180093 104.69301050400563
650.0498641686103 747.1961480157913 -27.390717664915332 -1.482738429587227 142.4751561352602
911.4493594452567 750.62577899691 -8.799570945621904 7.688595215275451 104.36269520392865
1310.0734352494273 403.53519813185585 40.22406164600794 -2.298275171226405 120.16270085081567
942.1211928014474 57.71934023783052 -0.9991713125706569 -18.77593704303383 97.72806877960039
1145.2823587001658 511.2452594751265 -12.304810695558954 -17.39200124297292 154.24184550304037
662.773420660049 316.5968998925652 -29.507186110825543 17.181212418548995 19.753255507781695
537.2268818085054 517.3843010400535 29.487602309016225 -43.851815889717074 90.0202971658028
898.4270833020366 720.2922478008825 -12.941327016996073 36.35031847525156 121.06066706669544
180.22908935928206 533.3702098982691 4.11035986933701 -14.465711550458227 121.09902960112137
342.1195792232965 438.4814373915133 -21.97996826271521 -47.111189945937404 85.40617936324082
611.8079549551875 227.97665215616806 -37.15433783000736 -14.000117407287572 58.19485692860644
1622.2130420544918 580.3530156895937 -12.001185443152174 -45.606485947634255 104.50512275151551
987.0927464056522 798.7006313561101 45.44182059691715 -14.652398985044002 94.55872285148178
283.1994594281142 906.1764044969799 -2.7227735153084853 21.19151309815972 137.07230244745824
1361.4609637563474 412.71706812223 24.81405598680673 -33.7843962486325 23.331507350627746
555.7766957532034 320.2629327550352 26.46225092621005 -35.919111058424114 54.14202656764377
91.17628568483283 564.7653196391558 23.465389006126657 -35.72782506450025 22.8661146068945
70.63673662989751 224.63830925771094 -48.58150449933108 24.067323289396203 70.55345966324033
1161.083900870823 473.27081469996057 15.297604435560363 2.865762762954238 93.0153607850323
1482.3827085421476 898.7299286454023 15.601471193923533 -8.86686821860656 41.46742907063957
1143.977426787376 174.3736108523688 21.18638052951085 30.96646197109977 44.293544542178026
366.7926073506606 727.4576805901814 8.214974791394758 41.13659322849633 92.56182142160588
1520.4549930206908 574.4592255118683 -19.83550897215177 28.584885754440105 48.16417123403204
346.3777775804738 624.1028468319985 45.70692070660455 16.52826580954705 41.36629281513696
950.6483728424435 159.97272550467068 -48.125071955037924 -31.641201419239138 113.32819130046498
792.0475789911353 170.0786804605373 -42.25406067927735 45.20686086628311 39.36938186467006
714.7012335581157 115.01360821202769 -46.734019243549184 3.8327333624791238 137.4727733677753
682.4828466169984 820.1662702243704 7.787232234961328 -13.397601567117512 137.98214216095636
504.19121856032376 65.29015250323398 3.010042501979493 -36.64084644193064 76.51829238705427
1188.4260786040609 736.89570040518 32.503712079916916 -49.386872703393415 45.18581289568266
1718.587206527555 405.8500381772 -7.893354431461508 -3.1774316421362636 143.84497512768294
1006.000549730548 223.59949031955526 37.65319669660937 -34.45786067575858 91.33423438461146
1343.3978554087648 110.5578009119459 -3.5900654992082948 -27.106627459365807 47.50641119942058
356.95074447507517 813.3526562365593 -46.637289523461746 -10.550607267497503 55.825865184539545
268.83525785664153 896.0779991480098 25.79612017714782 -6.317831728395551 56.10611581742724
553.5178395507775 345.7196585034965 6.387375562083952 5.686821642657803 48.500219767354785
360.8696093670072 781.2282369457828 -28.68569179878364 -43.024126262184396 118.22941671216942
1611.796086719396 269.1911187165282 -23.242552359713255 9.713045794096276 89.03811807725202
371.6084695600955 854.6313928500809 -26.5358746641554 -6.754888224319644 50.33431645296904
168.71278327379804 652.7113354404336 -48.46159973047208 49.046836286723064 41.3367178344717
51.46507977432045 226.831868442013 25.79767783845427 -36.06875262432874 35.4035254015931
1239.1861061579555 672.1369094676212 -11.56610018781431 -8.565503006427521 90.86484163231844
1494.8942781794594 286.21191627178035 33.9963037983164 -28.173009919070722 35.88094038050035
1400.0914861707347 68.25207865088947 39.96091865832586 -35.44221966837742 138.05192631727016
860.2269821555004 716.4863526804918 33.630987105162504 -14.605221709199345 18.23891985182189
1186.0405861263293 502.58514575860306 37.283124085491494 -17.959753355074838 27.588388993213705
787.8228867391464 734.1598758576946 -6.250771152709933 -37.576821969054045 151.5706994382754
1266.8850090509563 480.2748773536804 -22.07069599666649 -30.17165499170662 108.47369208977527
512.2256440065603 210.55896433650463 -11.427831838529768 9.366424626170433 94.8421600127297
782.6224143725499 69.23807849200662 29.03560033060504 -39.50170309230907 135.19248812329178
1450.935530561716 699.9185461501711 47.82862643473103 -20.02817133137158 157.6791887055023
405.9284957530247 639.5663760830017 36.98516334227012 -16.49687307592722 122.57331094886362
1234.8346796177302 174.09480995101006 16.054465014100728 -11.637678312022803 90.96569375724988
774.8739994333619 933.1690516461933 3.9892342731101094 -48.77931173756125 122.82737044236774
343.08880399135876 388.93430124620096 -17.434236783915203 39.65782685092434 109.08067042891412
936.1240328045881 271.98070000888765 44.935761829958395 4.849908733557696 28.70958731179371
115.71728038052571 876.8629319512435 33.35470967926548 6.602401460248364 115.65258848870911
655.7545917656316 233.43132907383114 5.463560644544696 23.24862862544146 143.5157796468346
52.03815217475975 776.1348108947896 22.00264258018262 -41.30958361318571 64.44127059538279
368.0544522227701 888.2568516324886 0.5025578918692486 20.794153925272475 52.14949639821645
1477.2523169904937 197.23511595506278 33.561949595841355 -24.807740684135304 153.90057510778354
740.6994967472812 871.0993416253435 6.317165319299878 27.921537227852543 54.27238156449297
976.7882353202519 670.5540533619802 -0.5025634319142602 3.5692725369805722 135.502663577538
1744.4714019590635 565.7587454180504 7.325942662040486 -2.63821314309054 65.70105189711518
1590.2692851378094 272.6006115019077 16.030198580260112 7.401957128780667 46.7334176208989
630.3214422389836 350.52473261468987 -0.36512524850714767 49.0320666591456 138.93217104391337
1220.5314079199327 448.2234476371438 -23.012563483503058 44.56085005491091 109.35881920019452
172.72110570040448 694.914578121294 -11.63552658595436 22.35459142438089 112.76084124940112
1796.7860208112518 517.6334083858246 -13.512760257192358 27.413896642315372 64.01852599174532
1393.659695773996 196.60913521545137 -23.414130364903272 -36.60503949156859 110.29400155497176
273.41358917978255 715.1238662187393 -1.0025165147369952 6.938796430595728 85.17323105966953
1252.7018078019576 429.71387680261705 35.18379881265895 29.070862605716506 158.73295627909698
162.95788947813838 163.46677609032622 3.5848151131066763 45.306544487107345 155.0086402148308
1737.6544893135897 865.0401294553905 9.473284406969086 36.808394206136384 93.68346808159733
1324.4767653139245 457.79466242889083 36.15770760249445 -35.50066755088046 155.0165031966828
1363.6625260245216 556.3280744973711 -31.787468077667814 46.99720113345444 109.61779721127384
139.6471473548428 55.69325028152093 -44.586277626250215 -11.439761661682757 145.91141136806502
353.0867361933213 138.70613813488902 31.140494579957256 10.562203170083917 121.72481932646485
1581.9195848420736 938.1210140186857 43.7951310890429 4.944475534563109 126.42409451981142
1600.058395193494 796.7518504197648 33.74942026762853 -5.364347443615792 116.59862852605704
368.91133738560603 787.0963198312148 9.37069448578194 16.01585335837986 142.80448348424753
543.9691875165454 857.9010421800045 -46.831218988334946 -33.0518017900433 139.98474119995782
950.3021285494725 590.8724494828215 35.08951132508224 8.933030191442837 31.881417876284655
840.7681287872942 795.3200306903899 41.338100115484046 -48.006364236211105 132.67046692790885
740.2842586855633 932.1336289555787 -8.247851306498543 -46.013333098147704 91.91479590453832
1156.3122710870064 564.4481356969708 -5.304425612206676 -1.346420499424461 85.21126841047464
1562.4894812907164 787.740005419752 45.33453610117064 24.931325636077883 47.73845277722264
247.26005482657553 795.0367798199342 -48.917164654632 25.75241975337984 51.76021799898634
1320.9877122539544 694.429395006561 19.56324203103573 -13.881760454174398 147.66950956345994
473.3093918310341 50.518341297679314 1.2020706208143772 46.46916063753825 52.13927221115232
1242.9868359818038 239.92176972864144 44.021310478243116 -9.547340017711026 152.03841221892273
1414.7584083985573 897.8605248846839 -45.43940101469109 48.743182249447216 42.37878792211862
1609.1628097083644 75.89761621210253 26.268880877521195 -1.3892565505455035 52.002176641928216
637.2989156457853 391.68647032928646 18.26344948803966 12.419996891396746 11.269396842016851
1487.863443838704 822.7308564999148 34.761826572496325 46.856496393980464 137.4149567923231
1696.1172138159518 718.4204822660834 -44.808038296965016 37.097942072102974 136.62516435662963
1688.8491344892543 726.6051314724004 -4.423304125647565 30.562578073168154 86.16135804451966
1794.3558463838094 910.6642215089207 49.024579305525776 1.226708720029246 128.65042197127053
734.6955363468655 620.2518070040874 -30.504101178983735 19.58544678564509 61.56984593439794
630.9496364464247 584.0975805918071 44.26522014984739 -36.694013161277596 101.32926659512269
1049.7648156514865 438.09761979079 42.83017982108392 5.463792258982125 18.7201400174756
1785.0538132813933 763.1681301547111 -33.94149727909762 -8.068373761613213 19.50558996747754
1563.877714654346 905.746403814333 -7.024159380634332 -11.449861656450711 13.887855095623642
1192.5915516790024 305.98431497459546 -12.734734011231652 -8.605378050533453 151.27468940487108
823.9558544794753 599.6495346623517 -37.79643544503224 24.262217324143776 140.6236461742614
574.8097729882733 260.52502329372544 -31.715403997927773 -6.425366366712426 90.54141265750096
270.25995215573766 94.31112705170139 26.1988865979635 -45.67093930456478 102.47819501605592
962.6929035224717 844.945578981703 -18.259297234559256 -38.433563557264385 14.784206880789565
735.0829403257632 246.76227420919022 -10.371802647283468 -17.055130075112125 99.93782281664502
1229.2848554035909 944.8871728024847 -28.232147017587206 -6.020623792889845 90.96313056407547
971.3631034355799 928.2141357048408 -6.741754223090613 14.932568105232525 71.3516502721575
357.6364312955271 124.83420606785673 22.649795120536844 5.863510729757493 79.48025219789812
904.5034849923316 194.2232021181778 16.243564442779935 38.221626187964944 125.47638867804359
1094.5625423723627 512.3238804761945 -0.5098362312970783 -30.98869912236951 149.5939137887825
1325.4062153002415 382.39024597926874 -4.990671100333288 5.08717087664543 142.54992267502186
912.5742452044465 700.8720452842491 13.957779050153052 23.792259244189783 130.7493720061468
811.3820438653651 862.1514038606063 25.15427111889137 -16.332245367530852 109.6841510580399
688.2614536471623 536.5759437496142 -10.42086769372068 -18.905249894642196 125.05555721406495
519.0513209923448 807.7484927606667 34.998594801067576 15.328365906817275 42.83881328920661
1377.6525983284369 575.2895616591886 -3.7847991786292723 47.3309255540028 47.343903887060755
1411.8270147375392 772.694501830396 15.387692597336699 15.576384804639453 157.04339361312523
1146.3622870545616 681.90334628822 -26.00060667304903 -39.67290463952974 37.716390977299156
951.1269006607853 263.24737300454217 8.278137817976782 1.6472270351218898 19.05908225592392
496.9608261705452 64.52373375705604 18.928911724704744 -21.644978809346604 37.646020603822606
434.5013394821268 217.40380478703258 21.18517287358429 -37.20842496116674 94.84630231795096
1151.3398140757108 207.22695417696178 -9.644028728057252 29.20376431545386 86.0477332617765
1734.637085244216 324.1188540745346 -27.969999216415008 18.01801009874233 20.398892907537565
323.89670796519175 462.6064924447718 -26.255636977995835 -11.745774665112773 36.3984793721383
437.29483411635476 670.8037249142777 32.12304128528574 27.93710580158959 138.440124741023
1090.1882170424774 455.6588780040386 -21.771226700841396 2.7686819731174372 76.15316801627273
1015.0958469454577 393.17281402568796 28.349915252914315 -46.15888797496913 79.70909023655445
776.980014407827 413.8322551048615 19.789976851926028 29.37763129428469 35.17325451052645
81.471123672863 254.28424445781695 -29.952096835695308 38.72571054177002 153.00277273974402
256.114103645088 593.5357234132524 -21.6482088213207 -30.06949818666659 61.545624177004484
158.64516128025207 484.7893546531725 -35.908980550689826 36.16768500722712 159.5275345539151
607.6773758855538 904.3761149839942 -24.00874463261119 20.932428960855187 140.50357454438887
256.2163236249154 936.1840637754598 -17.575999021659293 37.4279671628601 108.54539629723239
465.0440058194253 411.21396969288844 -2.029866117142376 38.735774584271 150.74510652964415
848.5241734330241 797.0077538994202 10.343801877400338 -37.470723207055734 91.71108115062164
286.5166976057667 607.2401775519166 26.74446993234566 38.07445264115829 41.44658708720682
667.7172685273695 288.7947545440401 -31.571299715460277 44.0995876396726 34.164562407363405
1507.6546188812108 124.1555515342058 28.852588224859723 8.565956630272286 92.95563195037485
793.2501215645705 236.0455293441401 4.929386482305431 -35.72209370700008 132.49379171617844
1515.6750997335084 767.738619147193 -12.953328895906369 -47.83274804280229 73.37323164746132
1042.7865097430927 611.0048411187117 -36.00455014748787 14.81042648602422 91.58035376728286
649.3808643697844 617.2270688485561 5.706867430991014 15.525972634793572 146.952861612208
594.3559599658095 709.6330447842322 -34.791005237063054 -37.45101735891134 77.39729482949902
395.3148783480459 697.6881606122689 1.0109014029105023 42.54968046087863 136.99872415676134
187.62669738109935 666.4161399272031 -25.008169592812056 -20.112020423216848 106.69786368091826
674.7935517056245 857.6545875397277 -27.860726885520105 -16.282204316643345 125.37450781353098
95.69763589468073 560.72400239875 5.56321786666838 -30.70845571905617 32.71421406379696
1207.2222995823313 655.5534881084851 3.6524399190641876 25.640221650957074 121.07126478173868
287.5910388895086 281.0025660276628 -36.16641370359021 -10.917229799071581 71.31824624589703
998.8610839753436 62.721502302018486 -21.179948497257428 4.643330689142633 35.85366797720975
990.2025334442724 771.4434300932205 -35.92945369124878 4.267288085753096 72.26795585837013
582.7699563133792 727.0034962009657 -40.086010056168206 25.819596825629265 83.7284608070008
1283.7478017326546 791.7452282022266 -35.926147154043385 10.582463034168544 55.20169800081562
885.919345016917 147.06591057202908 -25.839789648121958 -40.343368009245594 11.870722084622356
93.47584646852876 328.5604124931463 36.21531140281712 45.50191997582367 119.82209870795205
1492.8788457819512 285.6667300007183 7.104745811117786 44.27147016424987 71.31020283996003
166.69509162106738 338.1657856163527 19.870003194424 28.946132325435936 151.4483042898377
827.6737216532044 491.32843318208415 -38.424906499820096 -3.813728462938115 89.82254239680938
1506.912615587265 606.3232404507878 49.881072390606505 5.379386666942243 38.87003194021186
1785.496704055704 607.3311592784084 -32.73972868822027 -33.175685099431774 144.38360233571186
1587.3987729382807 142.29344093170226 22.71891916365927 -36.70036168435533 115.6139718126135
1634.2408457716033 168.92137181239548 -10.695384730872458 -32.625512893117694 144.6182554349924
1635.8846858556117 890.1715039898462 -44.56383143898931 27.40155348435447 132.580396627171
401.13959648642305 432.41568865934624 -35.61280331778468 -10.174148873261856 38.88972713792275
1048.8396310813343 429.3389262656279 46.46464335625724 -18.472432958089446 101.11729030850239
787.1122571557858 440.83408103575687 8.779491046471321 46.83047020294302 94.10889159762105
951.1781227133308 335.6386894492041 47.393995037781465 29.59294714137354 157.40636794338747
1419.259983461824 221.24750797759495 -21.861236858081213 34.194667763260526 15.663932167337999
360.9574545635715 301.2125126599125 -36.679211101482956 18.716742202138516 90.31932894624515
89.98168751638994 79.65954571573596 -14.332622203843604 35.371000285685874 22.843760785536638
1234.152227807279 630.6867687219632 -20.06864826394289 -20.387773107212382 134.28665731979834
977.6091959040186 124.51189694643045 -9.825764386681223 -37.968001941699335 94.11059332156995
1764.7681776050817 488.01107282868156 -41.48674502481907 18.75085511814232 72.17205887217871
1132.6261692123328 613.4211933456181 -25.997600508486073 -15.077670857783543 58.01945945297707
1578.07322434696 406.76281230483556 -12.526072562146862 -26.16096068189536 101.47358791422856
863.3531703412832 897.1975141242324 32.287302691947374 7.539839067838439 75.5300757860073
1159.6061452526321 868.7126371950484 49.13713478350328 6.725268119345163 123.53229357111691
1554.466696848662 587.2986656255597 -31.804014825814498 -23.81691767630647 55.04799642616399
629.746150356349 524.0454550885327 -26.391165937058336 8.03696888742359 92.81850706209225
448.4809293765829 718.4428954742665 26.34555270751361 -15.520067685327065 138.49994275394204
1450.2080119854577 371.5550742789081 -46.065027669614345 -33.25439016999512 112.12662804438126
58.05695097382997 526.9960340835623 30.246564192888304 1.1986831580524049 16.918487522655436
696.9252649001997 639.6483830812194 -13.240130953905926 -29.34967099361324 144.82721600930606
1133.0108257444329 641.8962206578323 15.165183814531058 36.02136598466482 32.80423545818276
1167.804892802327 336.9389945730677 -45.05819988673267 44.69325184943346 54.72912911697561
1328.559986484658 551.26507347762 -49.88986577077947 19.673575316352576 80.46249633063798
168.02878833090097 553.9744293259987 -40.638079650517334 -38.62542526154662 84.96803153977312
1317.6546907529248 791.5333394038634 20.652113542237228 49.56287207472086 159.68396725879435
1711.5289601955542 751.1828772457169 39.305657752135204 18.68537656564955 34.377151644776845
963.2691432965322 822.9910183541524 35.96327096001628 -21.351656858140178 153.75611554144808
1441.4159766600508 519.9647127628203 48.69679103197148 37.34710223823016 82.57247233123366
1402.9413246588854 936.334803949578 30.872713856583335 -31.020845840500378 154.64875766595907
303.26651372412124 638.0721997270014 10.080626582218944 -18.773202056419912 55.4018055816224
455.41709006836294 548.2677568863592 47.98468677973803 9.094576791231034 132.20240843508236
1741.9042328493395 392.66257833935174 -17.89659253838154 17.13732034354366 52.21357723079238
654.3306104310857 223.80625578807178 11.174396803125497 -0.271140052128771 134.74383577712132
1300.602971029477 926.8823216844563 8.402606968292714 -43.55473132827415 44.68829243153192
1208.8882227161348 631.0337558527438 -15.69904349900214 40.03111195545828 106.33591267111507
1312.311809986815 292.3135230306743 -23.048741767125303 28.67180298033546 87.6791532719817
1482.5654461011616 827.03199787478 -43.94167950292657 18.375117986609034 85.0084242052498
618.70691809669 800.4180563057372 -3.8035451013939237 33.32152071230511 41.90757772887875
985.0110230553553 667.1097246046378 0.8865804019843604 0.9410661925731145 152.07644114792555
257.6061504993322 853.1473395408157 -23.433418656115666 -28.68753616499967 22.577325543342543
1765.4141688067 562.784888128474 48.213529411950105 -32.692186258293646 88.89084122545317
422.8885130352661 264.6014811751992 8.426266516916392 31.46984340718838 10.474344758866163
99.35528386051227 315.8734435598676 -1.5219265995830789 16.569895714513404 114.03245547598023
1538.7209875273184 832.0401131833135 17.2267088257522 -25.487341346019733 11.219037818912277
1031.046778677397 169.1716532615378 -31.04615811219792 37.82006731336654 54.60242328195395
219.14414349251203 472.252632758186 -3.1110395434070126 29.794490596608057 44.687581126513415
345.39349045374905 720.3268003564035 38.95630565871856 34.610406499115776 54.51484103645735
762.2741148033972 156.42917448450444 18.388676542373585 -24.19183561033905 100.71716190998606
134.5683916906222 690.3758632109 10.255878193546286 20.17966490690365 103.79669287597235
740.2626501648435 277.94581562415715 -46.33542944110061 -19.75820739732366 96.89863687349803
1273.0102097293664 356.9546126729752 -38.82915523793054 -33.66846440452774 95.16995184266104
241.27664292733496 499.15488764925095 -31.505982229783125 9.357056070830904 122.22429760032654
987.6999065143667 803.2666866592342 -27.321404908903958 27.94947398735249 20.551966438680427
350.0195865120123 98.18805083238504 21.574903274371938 -1.1126737307351142 151.62786470850406
1343.1525730317428 485.54421722904465 -48.175402967453415 -37.11659411168847 74.57636319192834
810.4678397921264 879.3292029412024 -38.00753976720732 -7.175533865410744 15.901199429859416
947.2496173973482 535.9743918151089 -4.348229252015734 -14.450844328085111 107.41492037042508
1567.6247312437188 101.65389029186798 -28.634456459822676 -25.25791441914175 131.31459158061728
865.4138563219402 836.0294451234612 -9.19345299667067 -4.1880053985397625 133.7727809831174
1068.1437942708046 902.8811731969492 29.652976409671705 25.11528755181047 20.565275012225545
880.8625295205678 71.99046697490562 -43.04710731329282 2.913741598675701 111.22943053161042
998.9146401307243 57.82455433543095 -49.18553434381406 -37.068946183334695 30.83633498415524
503.02729134740326 514.4421625944992 32.25496282578128 -40.75747063479955 22.49514268973282
584.2666780167889 474.1060623060251 -6.218499689262458 -39.71005823000665 155.01344908497862
1708.5621321815422 604.931789093491 -3.35105742915498 49.092985461598026 64.62925769093371
199.79448749304805 829.1173245477537 -10.416242588973656 33.29220077554719 45.0718893888645
499.6203322308811 833.1990066617132 2.6529313481894246 -36.75850911823698 41.89894762392558
1162.2491346132113 430.34489620274184 -27.35971179301758 3.9552530960129006 143.74614184827533
115.81697437648934 108.81596768186085 -32.638410124120135 -22.251399347346933 89.4150162945791
1041.1365513559422 401.45467075171774 -24.63072905760094 27.96336068456373 25.609013814640086
144.14031401762372 672.2204210525748 -4.597347160798426 43.04288789960614 154.7284431752373
469.10402055410714 575.8473766211795 -45.83518990581879 -12.495350982152909 45.239050884369945
1648.2683853789658 616.5264352512017 -12.578645969410495 -48.255135053790795 25.565052548368758
1242.7288774007798 211.21055663713057 1.7663129487751394 42.16906050817916 29.21120115433293
594.6103299544395 856.773974833467 17.59440834959003 -32.87473953087071 51.26733281441949
1505.6312985670997 517.9217875672525 -42.00026241183473 12.788803186845355 126.01681283296159
1279.8476283307732 755.1033643448527 -23.691686671578914 -38.60874225902323 84.34683288480824
146.94666828278594 342.5850000377618 26.25770837671807 -18.811136497050573 151.85909493777086
777.8096137758743 95.45285632867547 -0.919286321438928 -11.44835658132778 108.96617422799007
474.9836614490807 338.6514106034324 6.926440371170795 25.129987812113995 38.57752108167827
294.7899114284128 770.5782678624305 -17.266017558479575 31.38416309956146 125.89951251444462
1760.580068980481 838.6959604553398 -32.15606685360412 -36.61670730652702 128.0708974526982
1670.5962635821852 857.3456581002237 6.485624614523722 48.535504521672735 75.38973833901835
874.3110958092259 368.75750459167347 33.93013857613906 -33.949692642669405 155.69961865681475
1690.0196609317852 887.2768678472303 -25.199012371650497 -34.89208277878506 80.75035636147469
105.70456508324443 492.04114144257045 18.0732103538238 34.173022688815195 115.78216651636612
849.3999335416893 681.2225300550791 15.423758068367965 8.871441552194925 38.06314794693766
580.227855418263 466.6148361058323 -40.54431473430801 -21.333861093798845 137.8324108209959
537.5354745532063 386.8479465717843 48.884241036964525 -18.30628172125508 71.0068501220043
1737.6190421382569 255.47020236359634 36.592819586845714 29.011443618619037 82.32918046533705
1517.4105738004278 101.45778384416985 -17.026925311019745 -39.32978340040418 120.91858146188034
1574.5793052747335 144.97669279714177 -15.173314829719287 -11.591925757834975 114.1290894443621
96.76542234762543 760.7311847269067 29.2092859770422 -38.90169230193429 40.433190490526485
159.70140959586166 243.42172853080532 -47.16891304005131 -25.339676312911653 57.03111506587127
1534.1753223995743 245.42797708571453 29.340048102896365 30.763508242594252 15.355005524932121
1512.404717992587 730.6417639553752 -37.6465087188495 -40.44235277337339 141.22586600176442
434.3921239350518 586.3609357425066 -26.439385565044905 25.452477097531023 73.27415055311474
541.5472663789349 74.91708570375157 -0.9671290585050007 47.47278568438284 120.50508025373999
1029.6874463703937 905.269844804836 -17.324675622901676 -15.805542270498762 114.42128281027172
1319.1006734043126 488.0962361826007 20.331342191330126 34.049284979444025 17.103390134061893
393.86426152105855 902.1083480679133 -27.86537079490621 -48.95715700791872 19.531063298299856
627.9562576273763 944.6667010429109 -43.39044710621197 14.907346572632685 110.17407691901288
734.6133299014334 413.1510664698439 -35.85745510901703 1.3860228620373616 121.31874737478094
668.5835625712493 87.09021670049123 41.93073375925448 -6.932184997691571 70.2865004812988
458.71519273370706 808.7972367636355 26.259175067029673 24.528576064281125 149.42400067010988
1762.2208974563778 296.6328448073189 7.627922708152235 -27.858686294909518 135.44175785531814
450.04981352747234 453.6023274609142 -8.387467589986663 -8.12026768179608 148.29217394993947
288.7329227917275 846.1585244442336 20.90789035174486 44.17900086959927 67.24573299637255
1622.9014878480766 506.5856389249784 21.533357516632357 29.358016361669304 131.99103805876769
1537.7484952102957 515.5058441191615 46.25056136603577 49.421355049455705 64.70894028968566
1114.1419230124661 528.9775108819272 -40.25046131932748 -7.036590836037105 59.038798692710664
1064.5668796855493 639.271175093477 44.113941918108615 27.062525367929457 33.15901093849608
817.6530200548776 785.0874380257429 -34.101420151822424 -26.161526122872214 122.17973318405393
237.3097526213606 145.7893440271556 21.05359913138353 7.683580361404207 119.79553807592849
1449.0114541835599 154.75488683089463 11.775844503593857 -8.942914432068294 87.01296187094167
363.4585931711518 211.10038127768476 -19.042736474007505 49.37394217218832 13.17430541645099
747.7931453612148 321.8149595131177 47.23369678213306 -49.0743102984152 97.37781290485665
919.1598651959156 495.55314596971806 48.38609273091984 -40.00496821456372 141.4077741521362
1439.7600661545641 400.1601250624647 -46.154530548043724 -3.5978544643509136 33.43956749082481
890.2469922880035 707.8160855042798 -6.72586403775397 10.844102611199336 62.983998043871225
661.1426508745709 909.355834393927 -22.725838360337935 -48.462203714093434 158.10928560021384
763.9157297266457 882.4008284275891 -40.70157922558284 -45.48701548057704 122.05411329463044
1157.806284035579 106.48769062310535 -23.272686807056953 -2.6004476419721256 62.472595936204115
193.32869059241364 494.8730732492815 15.488771864313467 48.43160416348765 98.87909516457474
112.46134521762733 825.1545860108723 28.987169880505714 38.06187722877793 98.5890843959032
1355.3996514666978 832.8123138488265 18.055495311692262 30.927985903300915 40.26467023383632
443.5030677827032 710.5159966499383 41.3925990023249 19.868742584597076 16.745394574401693
1685.7361575582074 300.92849082703947 -5.505625435256101 38.17585583949994 58.49639431980537
938.412019213477 479.35084832873275 42.991784073151464 22.709463415645736 60.98355343951707
1182.6732558055892 852.759876121537 -21.13621076728852 16.751141403332515 122.10737356602397
1457.8548209629128 473.5567356934345 -44.87904153894867 18.549573029637045 124.55757339367035
717.8164230716457 397.82931828389604 21.362888212519373 20.35536933756841 74.20404511000821
1432.2473600522053 225.83373596992973 -24.804976502508993 -13.509346658685695 62.565924110019445
569.1864180319676 247.35954256257384 29.179510527229823 -37.67437247133309 52.820420159180394
850.2132036773379 67.94771689730179 12.88412290669636 33.34551113205569 110.12889384633496
90.41831854148006 200.53518257264997 32.79165311734911 -26.362082548858 141.49098233512936
846.3249869162604 699.503779410098 -17.47796371007717 18.81477859742706 77.48525413938913
708.3554524952151 280.30811171861444 2.8284827727220074 24.086956530778348 112.89426745530795
1268.0794604687753 302.1938224223734 5.035599452676465 -48.89300364726702 50.72351224050716
1179.4790989078376 247.89262608386662 9.121166894443721 -48.8837622468396 124.83301459631053
107.14765626676954 648.6905093760258 -3.5496441011293567 -44.91117784080581 64.58405753923404
1762.9594981738808 429.96876137445065 34.15663566105501 -5.633902944300395 119.13742798819383
1656.5769159660267 473.479573137762 -3.270629289547111 25.179717237453282 99.00855223971101
304.57118484214783 405.3527311688987 47.80876967521136 6.455001580035546 133.30339132446983
1001.4047824448733 665.7563491082888 15.015432438282373 40.17309106973449 159.6041442525738
318.5095296547258 218.20751192188743 -34.45674616143448 42.924019732199156 112.14917906626066
1258.778872511153 721.9216479880138 -32.98993143445293 19.493314169234154 55.75902418747164
1115.3272873792976 714.024882821096 46.41896412397133 -18.168225940719076 117.67795372930217
1082.458698771436 481.124154679095 -46.963468268254694 49.166950865639016 94.2120468827724
1118.194061178649 860.4450981454434 14.847396030230131 -19.574190986526684 97.19837294711559
433.8896847905235 824.6992863522674 -43.83830012651673 -38.35820573427956 86.95658207289068
840.706806571953 296.8849463884644 -12.508203243024019 0.9367244463823088 39.95505922924238
654.8721468481954 876.2976585200458 27.51920216872089 -46.26438451638588 65.55461417043988
949.1449511267105 110.87758781084094 -43.27878191052864 -22.79301487828038 15.771193287255139
108.27314143982062 810.0947644963376 8.67145534630126 10.207742776159034 30.452782449539903
1496.7991485098098 122.50747888913304 -20.923449290052933 10.002934180127133 45.06773091531379
919.9173079866641 589.9018902669653 20.522517963379507 32.05241851377485 158.52225695805663
1296.5930952436515 55.43236995336426 -27.787792537417367 -28.045726393333005 50.00197900914508
1614.5088155127619 591.4958805438865 16.05973554925475 -34.49180851506615 80.67792083259262
579.2793077369321 419.3666756563216 -30.73125015019843 37.67107825458 23.110544897957027
1207.5337965096935 237.3511533188364 -44.76367122569018 -16.580905664489652 18.551524223531665
433.99719295066933 436.764308375834 -25.31041953782368 -15.682514459443164 141.83974924414383
356.0298691154642 719.5570037614056 -41.15300777168576 -20.00923649492946 75.37469305873678
376.738523116371 729.5519658181038 20.764270674671025 0.4493768977311241 88.6360701923537
179.92150396447283 139.4611857619078 42.59578289022174 24.740075711758525 85.64057117959092
473.42939090000567 380.45995681335705 26.86841499581757 2.9888131831550147 143.12939606393303
909.4558511862185 926.9843007991035 20.072559481636475 -45.31547153879269 36.02135218036494
1330.90795630176 589.6700755372932 2.245136228596434 -35.38827782236954 21.495687501005126
718.8574446428245 658.1522203429514 5.46745325335265 15.264884025927294 30.28029185723556
1061.3916158648176 929.606512522665 23.56838121563065 -43.569707210919276 51.800084159976414
343.482980274047 794.8060007029026 -5.949812929482546 41.41076810914209 33.48218847743354
1589.275302638544 328.7555478448198 27.33735656584836 -12.416131076361992 111.30700628179167
402.9182653974061 268.34800854075786 -34.72664567136202 -21.62382346296914 79.22079829260177
1370.8113459663202 285.9948610387656 27.83214176831754 -12.800213216766087 83.05457503860916
442.12912699492597 601.5073868577841 43.439462105538006 6.884631012969278 112.48365771657465
294.76451092374646 78.18838194051513 48.93194141142639 2.199688774763875 124.92498336896054
1292.0688998662602 254.25729840781565 -18.123741526512028 -35.31087987960013 83.3970926177325
1560.2297117495987 400.46495662160805 14.141881212919383 42.720287814702 22.841921789314718
1671.2542285576844 927.055316570806 -34.768113195005334 -45.61057337049912 112.76248850558872
1236.006500460605 696.917226602867 -3.163982915260344 -24.333549462074743 73.27633066700179
1665.544403109787 805.4316112873175 -28.368321825091115 29.341171387220367 111.9296932257028
1196.1461066442314 352.264449680275 -8.28940414499504 -34.64302793945774 13.972102593378501
1120.5873288830715 572.6060001209452 11.894931914600171 41.381130657540666 21.167758768669863
1240.272617401484 426.7132539918509 30.02173313509744 -28.339853715228436 140.58668736784747
904.6077576374979 503.324665085195 -9.281044560450747 -21.910447803321453 104.89518352852131
264.12202419409704 807.7802075005992 -46.8118296949552 12.810884371444608 132.99482662608904
788.9891553136828 123.58502865792299 -22.313180217013063 -22.818607195199302 77.62183720191543
1129.376348648783 706.7301122962025 -38.833549721310135 -31.32105270997637 55.38743103862679
1374.6057632178495 632.5366677262685 -38.8040885560102 -28.30299501795379 33.52853386704038
828.5729400368075 252.61564905490195 19.61041909917697 -33.89230089703711 28.41595710316266
1458.365394503967 628.8475555253866 2.0494492433443146 33.843190646164814 138.65576109060478
176.76802532961852 894.3210859147596 0.7284707202463547 40.61481886704953 128.73401237317
1190.777111607323 722.5078557964132 35.67853129291911 -33.92528496951706 49.673230591663895
1640.190798188259 447.72453466245474 31.032681401409114 -13.145454430759573 57.96366799447605
271.51806023918806 91.77121394931713 -37.993698127849754 -44.676018167985006 75.23260216317249
801.6539591614104 659.8657533486722 -39.521635606831396 -13.539531237374202 110.79997841392573
649.4814419783822 825.1332317644664 43.12925148650669 6.764546221705004 56.63719612717054
283.6409394336423 870.1761089193097 -35.97225866009285 -32.04261381137739 134.44254761271793
991.2834492106189 570.404165251196 23.63674437091389 5.277045735809816 46.75787403364101
1463.2684280475153 147.28396624482707 -47.79332189674099 5.15071938894851 122.43092166269683
120.9235007878145 261.60235305436663 32.944328145561016 -9.418980201794136 151.14160540814007
1306.565759464504 62.11370987728757 42.09118291577242 -17.364005639506587 16.227652102116416
522.5530449317607 663.1849720871267 -1.032294696296454 -47.927544341029716 50.54923035293051
625.4068604157667 518.9656693223767 16.254693159112676 48.74452534168484 53.34991009093864
581.0383970131809 927.7250790845133 37.36294815947413 -45.403233451057986 120.76666574036207
424.0039185281795 827.5830315382756 42.985541222259805 -24.656904897921315 159.6515678846939
1625.2093980982936 614.2703305316236 9.018135522588388 -48.91507748081438 95.5980869005638
1748.000535945366 934.0210207001107 16.565567659291457 -47.5141905025802 133.50090678877746
208.98271517410413 231.085959054121 3.177632493033844 -46.85657614671588 83.20258964840495
350.096847764084 886.1442233226974 -1.8320834736943348 -44.91123740264239 36.42632257925614
1334.631753615895 308.1517302593513 -13.748673106462817 48.83651112853345 141.2039300602042
1778.869143847176 142.0561737905839 44.129060043555555 33.73837940687255 78.49913033490397
842.6429152741713 545.5774093306693 2.8076148063117534 37.113294265349396 122.70590569824707
1571.4065307185022 314.54513626413205 23.683958363459144 46.69071804784616 159.8180305808252
687.2369229411183 437.01128794849967 -39.665429831641276 1.258017775541087 74.99762657011927
314.8335382554332 311.1054626398147 -21.00622467111234 -26.627808345337467 84.32720216428665
317.7281059836087 409.1935900297184 22.00386144600759 -43.41471861893065 15.440415487163108
443.3065613563554 883.221603140658 19.274477525429678 28.61567747210203 158.55599093589058
1171.519276299797 816.1613479861836 -40.12474312890628 -30.866378198807865 130.99306535619198
1477.1023096893693 847.9018932403602 -27.55333144642038 42.885250709628984 150.27335348833347
1316.3540747046943 659.4239247846738 36.78644533356793 -32.33802439480492 38.84905017753995
612.7343001564236 123.00367616025014 22.92914241604034 37.34644284361941 137.40894328773385
1390.2387879147218 92.93262374046846 29.696997860730857 27.719112839554526 66.61702881229311
351.2670718941132 411.34345623718553 25.51030981868818 18.377493324303273 92.65289486061113
818.5563581886272 697.1672207365365 35.67199497720499 37.39300890199926 130.85706396964505
1697.1065585128329 139.14530064501776 11.735069680331211 47.603959031271096 18.000034340869433
1726.7788255939295 142.51958336335463 8.238906546774839 4.574863793670714 128.16520303750116
1577.34737711096 665.8135657764293 -42.4157754694178 28.450016940088997 25.086570634296876
834.8861945409736 194.79464588632197 14.831013589629949 6.773055861221966 52.548827091939735
880.4017962738588 224.65776941318768 -3.393670750333899 45.273107685284074 12.758084187262943
358.2575289098557 870.5614377279411 32.80570024622116 39.83048431454724 36.817855204345896
1090.1222135952223 269.9398279616755 -20.142652668540528 17.185038302058942 74.0293372658798
1550.1474627756359 516.8214157283142 -26.47814095026072 -8.958798544485047 12.989822066561953
1123.3004822228427 512.916049330782 -31.656230122191907 -4.4745059515990615 48.916489745015994
1249.7220396353762 846.6319014171222 41.66580126709266 46.39880716992152 22.221687782977813
104.46685643917203 148.42584086098856 12.044505685072304 -34.43097745550519 20.850532094294262
1577.4252417085463 702.6044593798009 -35.019789076176444 -31.128383418872694 87.08217901234904
524.8517557979469 650.6200358273209 15.462699245255418 -27.59793093072692 78.17227314518084
1547.6933651364272 775.3300660078665 21.389193826723275 34.082730105527205 17.704922713425344
464.5838616319919 549.7668589011921 8.050493222389443 5.053440790497876 64.06131327874124
457.8344331403925 569.5651690826647 13.899905098482135 37.533798416796195 96.74644103634051
518.3978233533485 166.43107274730096 -49.66058564223324 -41.98705421010285 131.00638286980583
817.4499786975992 572.3096161609575 5.336249949661498 -48.93084238862792 110.4407872129447
429.8746922576076 750.9607107996511 -13.658767262237204 -24.595377361722804 127.2676989505922
94.88581014071619 732.6433369927095 -4.276989202832171 -10.286106694967112 132.31398570311222
784.4391101750756 457.9678346741929 49.46569227688882 39.53122322162691 102.74263066337662
1336.7510297059146 251.35269096088567 -35.14665324857088 -11.019901172339585 61.31003650494854
353.7429842526337 131.75120022500266 -5.897846787249983 25.576261170275604 150.0974003310895
1233.0187859338032 801.0206702932974 -14.83590107392918 -0.5730585157171397 64.79390914527188
1517.7613491959598 920.3328817484656 35.963744044198606 30.30233573935004 91.18624008263919
919.1961242777049 545.4897158122969 48.50056097718335 -6.548272332406224 72.83623899206984
1524.8530228409961 505.4920873370433 -29.310165679624888 31.045089232517352 40.70613075273633
627.6941750529651 406.60885745340715 21.725640910104392 -10.68691472426 90.64485913599323
745.4727354537939 692.9559936075601 8.002384294026832 17.6597740719316 93.13418805936007
243.1062575492 680.1857203190355 16.531321490193463 21.13801979677332 89.37811427672882
1683.2872967046974 661.395124201547 15.433610970956135 3.8823255398474865 139.51395668088747
209.46778711572335 340.37971127724575 8.418536918040543 -10.400839702101017 58.83675400733744
1006.6117782528003 708.2771769980116 45.36841109220342 -5.567308005158445 59.18819597574863
1156.6813660439564 789.7583828759839 -12.136628215902157 -13.9136201540364 111.76119360842424
1396.6537212900364 943.7273217102909 7.519745845818271 2.790504383797987 44.55467877908404
1066.683634806383 922.3215338946529 -43.51619820042296 -9.879701271584961 155.3289332285755
1622.6890781244977 385.65647914338876 8.185550160616017 -36.34957835089276 53.127364787516385
917.2524930069021 919.462377830454 -35.07502948707817 43.60837471882621 98.71669826597616
1583.4886223183103 267.447132955157 -28.508547543052053 9.417335310047614 29.241168445379213
210.82928795390555 908.6380772889015 13.61843467618733 31.034479797174154 112.62079930496488
511.91346686326744 326.88575147005065 -23.363494233429748 16.593390718765434 63.61117484462804
551.6929503999693 485.0692970373881 28.029765640339978 -31.93042476927762 159.86850678694455
753.2837333299851 746.8211345852635 30.8238784595846 24.46526077963305 143.45700006931602
345.1878640488282 145.76357274365597 -33.95941982893612 -24.77375065239705 71.74757558290861
277.93051308142935 935.7906771335375 -31.467959239581013 -26.89045319911495 22.184695264908648
1496.4895854920076 69.29208552073848 -4.6716845476776125 -7.551792460097162 19.569715289468395
1744.1353821768757 193.73805020414406 44.08397183788669 -47.552572214876875 128.67962046104026
1481.2002429948782 114.84892502661978 -14.313903711107168 -44.11589510425382 150.99832132732936
1636.6639410198243 803.6497009517296 12.68419757484528 40.00986060557861 92.44653988404389
1639.5977541652944 520.0469136209334 26.903769042908586 -7.936868107959649 147.6382421769947
1380.3717990191344 425.73758658575076 -26.639148656633694 -12.602192964528136 147.32277389222722
1237.9184255742978 72.58192153919221 2.9106385484679254 -3.6506769700951236 19.72497364593543
1132.3021830108771 274.51999524775954 -49.72088979898616 -11.623951022389434 60.81627529500796
842.0143445205292 479.31559641264136 12.223728678962997 12.547451571617064 61.97652454991828
793.5587165771269 610.1979735569491 -7.046835646637994 -16.57474931332199 25.655766208441218
768.0845391662268 884.5354974292177 22.278496671529346 -43.927713732805664 86.89055802713038
285.61131278368407 330.0486025948504 -16.191864385706147 -26.24179850385864 79.6016737688827
965.0008792401168 113.26582567359269 18.92987565254074 -37.05517247944844 159.1834399726681
1151.0163165262445 260.67593805522085 7.725654030115681 -6.291751470287998 138.5145811029891
479.7122819358611 765.695862972171 -35.648665277125765 -33.62434444205375 42.47153709615601
814.5806838732394 711.9602614326046 -6.395716872161716 24.50944352959128 38.01732945112502
1119.0749180877376 734.3060352558384 -2.1585514889677193 18.731327885172742 22.57706327741527
1716.4009044618854 794.0697365167135 15.097941683159444 -10.640748959807233 122.56482906118686
314.5767104621561 489.4038364664825 9.847103822127812 -17.287994317647858 35.48346797621355
1618.9226363033058 832.1517138363512 -4.355776337629957 2.899426592141585 66.44491684792106
1533.2604924099685 303.8963957235561 34.06820881264625 6.6164915261609725 92.54494616788605
277.0111137965711 53.07563313550598 12.304329766378963 25.544428386729777 43.10888058077695
554.7352065208344 600.6500192958276 44.12140101185358 -3.7831689309705596 85.24103646803685
76.14783728071382 605.1857041226027 21.014443429265516 1.1678596124070961 13.551395217425751
617.6490873404641 81.20683965606557 7.273047732803716 -26.846996225267826 111.82415787864393
1012.2739712171636 197.33453269739138 21.364190842005083 6.326718283774269 57.349473216731326
955.1065284845187 272.496306102066 49.63055032862742 16.596100339267828 102.49274221238782
1107.8266561133398 275.9660269552087 -42.69660812669904 -29.676127306262067 74.89532550018534
959.0703625062478 337.1075574024332 -24.60605599911809 -27.514831862536205 128.18637710391408
597.3490296892224 468.7164378511767 -21.871689926718354 11.907134452091672 64.62951973162512
944.2268960080015 375.35346026089206 -28.13222204926579 -39.24916615293479 44.28741870103498
1690.2235533255653 506.48800828887875 5.169712737403387 -6.733448145075405 95.3524794282341
1648.6082459452782 885.4970609038721 25.529476958447038 44.99218987024513 49.063845307957415
234.95739874877006 741.3653581072833 8.817305448813473 -7.728718726256023 61.462748628554806
1196.58126494596 887.9262983954131 -9.779197420426788 -42.970554000489855 140.83392500708487
1753.7546676812553 129.79774791090068 -30.549991822452473 5.696460346769106 16.08063553126488
490.81993688160276 194.61727472970995 43.21164720894471 -1.8669901033160796 46.900062067597226
1137.4011265252873 575.4291617440991 -2.355943637953506 -0.2949677169605813 26.152218835339514
558.3743228028434 65.845248985626 -40.71872957451762 3.6118793982094055 14.207267680989556
740.6703596964132 676.6561056956497 23.407776908804244 38.307554218446214 39.819717448704736
1037.8268832942035 429.774674910639 36.93432412186949 43.47524458382668 110.44467063258337
489.28312811592355 104.82378318713968 32.41282306084282 29.22545343595735 94.46372764618569
104.2612552946519 299.3349013934884 48.34344372010284 1.2678429589037754 57.53365883966858
1470.0026429934262 930.8919207371025 -42.91147483028328 1.8933982415541117 146.0869255692716
1776.9440222262347 245.78135137662102 18.57509621172566 -10.308464014406693 125.83493913268495
609.6694928905827 803.9323825443892 1.4135784057192513 -39.32003968734281 54.17846733891698
1515.3983340211007 634.727367020416 -2.8383947776057794 15.594745182695679 59.25378675828694
393.1440048314874 373.0424013209535 46.23427731855057 -36.72889664216134 100.27788951998122
1178.1999006039684 492.4485704233087 -17.757102526871705 40.232453293964454 52.116927323032925
400.35665129038716 195.81585127468588 4.480757932206614 49.09883856566951 32.394276215263204
499.2044773704361 306.2101230611922 24.49267782689556 11.829198589359624 90.21793531254501
562.4380151850015 528.616518031423 -43.17598175232591 -35.67901232740158 67.82337316091927
677.9726027255252 919.6112051130876 44.10328020948051 -3.5641828252867547 78.85734199744861
464.51332314024796 85.31138796839272 33.761519050595865 -9.156785222037955 125.17725064114676
1368.440283348444 123.90535972233627 -27.467448701282983 46.439227708348895 71.7083081909258
928.862515368555 547.180980318178 32.044893114407415 18.959453207549124 16.377299007419666
1287.027539934897 369.42968387636347 3.8777577158775167 22.00808447925645 118.68272689230693
1007.261821662446 324.32259506614974 -24.46069166431305 2.172638463497767 24.585347169273973
661.6163870620967 592.2093090852551 45.0617108320019 -6.057341324476983 60.013310295939
933.2751746629451 801.4562083180009 -6.637781015929889 -16.492894244988086 15.525592939479923
115.49107430834283 123.11126622726948 -35.01686190136367 -16.885692487063707 44.9556138954151
786.7453327914368 443.6541573384015 -16.61563620684452 -15.936558056125417 83.19308458639135
1568.3340804635322 488.27769013802475 -0.052292173565482436 34.76035008356032 17.895209849649056
1258.7683112182071 111.72339689190102 25.344733499681006 34.683707358295344 124.70638597397392
703.7291208345523 426.7122363899728 4.671343174235454 39.73884475741845 134.35787000290583
470.8988969806155 615.9208135196267 -25.04648634880404 12.44109204663154 21.04134687110411
1671.940842222234 914.6252482176678 -12.390885075831036 30.401311830285703 95.1970354444746
569.4418581445781 70.0816447316653 5.014673415997228 6.356034382824205 95.92092162541361
1386.7232403401688 756.3263938391351 18.049706267974464 28.529859962953886 15.899462863089916
1021.4979224424901 147.36084521906707 9.937465351050957 -13.553226591050628 124.41875050771901
887.8499880041794 452.0139078170005 -13.872403273581623 -34.110042088919926 159.92623183981178
73.35579763575623 461.4577839247634 -19.269325612887044 31.184293182512558 58.39057299421236
1000.3474116792503 296.7353209905988 -29.493710963379872 45.01639241073252 61.80644925113326
423.10350953898654 932.8098220531052 14.95452024326276 -11.059540444308036 60.05087668183519
209.028109077654 779.1369047419475 -29.098212000845834 46.084067803878334 107.43201408300604
1314.5615652578424 853.7596936716803 2.974659781371547 6.457238211919303 97.57914928971266
310.9465000068494 399.4903913455207 -18.165718375649597 3.887599160970534 131.8650424977384
450.25712729354666 847.6417171701496 32.615448559483774 -36.85018766093249 132.13120691979825
720.4957202646169 294.06277498078157 -27.931333019645443 -7.604701436856287 128.76006331886788
1720.9383987311464 758.1767975570923 -40.09774374272457 -45.324297960830904 140.95074457074
1114.802965910761 356.415654747009 32.2440868001129 29.949479944669864 51.10912110250054
721.6950211792962 593.1595971997448 -13.464945572307773 -12.793823719014618 93.17239939733841
62.21563896806319 568.9850102129168 16.37517672746156 -0.5876459128430045 139.92253472142394
1111.0736756234912 742.3705618676598 -25.870524728811695 -21.161264444024663 117.47212757839492
1011.4513270113131 272.66576681374806 25.471220825800998 9.425272697650477 111.23664678459551
775.4628130953051 357.7195103074209 -28.258326944471957 34.266114610609634 32.889085230358404
604.4610301798896 594.5307448074022 21.764866064098364 -22.95975965426028 111.66320445760253
844.6283514497363 914.1600617952498 -26.033233612074113 19.906135162252713 117.19481124742516
1154.3609673597034 949.7421529348605 -32.66731578216023 11.441399416962305 138.82596265908978
63.60314442658705 804.7963169106984 0.7367578244828143 39.99880805500443 112.24318465668833
801.6580399220189 222.71338029255134 12.651341283380635 23.007260681064878 144.3267293114315
86.5162054876846 81.2969924013407 -37.82527292869666 9.55564834179592 41.2656302760201
1074.2551347933747 593.2656519232067 19.35401048346399 -27.158313701505765 18.2959863627661
1359.57358587192 551.2518057959973 -40.61767123251475 -38.57321462470152 82.39022433647254
1259.7918212104773 598.5712704099567 -48.31762836623634 42.95474521898656 104.65800176367047
745.8028985004518 634.0367681663986 -31.695848654949287 -24.877358434421325 101.41578101535902
1204.2703451239747 342.82287840742407 -33.516315461082556 25.898328651004064 94.61490549444976
1095.7208309774855 254.24037568642225 -46.15501883802465 1.4394336799789964 30.560039877054194
1238.7415788629878 779.6166112804925 39.75551018719429 -39.18725907496237 30.761663683944555
1295.4936200206125 91.45158870963671 -13.203739640310674 -4.4953840093878705 151.36701648848256
262.2822999320691 81.8484879530273 -4.568765474433301 38.03886739739063 110.00997392473465
851.9949153602955 683.4889366979138 -39.99915758310751 -8.244213400544353 26.88767941414333
1364.3793578729153 279.4258690050483 20.12812167186455 40.77820613288423 118.04380471862552
129.32974291610964 199.79398150177246 -27.742646155207485 26.83242556618263 110.66981034010192
1164.0368546901777 724.2749897580012 15.80972969723453 25.384214072897148 100.36660971028994
1600.6322436673802 617.113137242143 20.006679163333263 -26.30492463854014 157.88020865876732
1495.9197041470447 837.0346131249036 34.6717502430935 -26.049498018376106 122.73704863083252
1366.3535581527858 371.70767180595004 -14.31468542560631 14.85462882436136 74.25200812049032
1401.22024436289 491.57590291210516 -29.966948121774983 -2.3064337931676726 90.62796488459132
124.768743934022 663.6831322920957 -32.83183516514055 -9.179353129622658 23.56262735742288
981.8507549531879 507.2574131442501 20.652775712892467 -32.45770233686227 60.577160945982314
573.3259112245377 808.6964208600309 -39.08628235818404 -12.74910240703787 138.40761829059696
1071.290524653678 288.8483152123507 -30.18726407563038 -8.762199047991304 134.31678944952657
1021.8636957888871 280.9274167166328 -0.2129802833387151 10.354795611214907 146.3908996293263
192.8051198028068 888.6346938619697 4.878367987168919 12.572218947121483 86.3534310134097
1739.0960464925543 455.99914636470305 -10.847415423427687 -26.515028921071703 66.09411292900307
490.7635958011853 161.7246230028918 -32.881176677703316 48.17374101371438 90.29936871643567
125.42330260898534 332.26454969347 -32.65538344470108 21.219122083915742 90.75264552626969
491.9468537278265 455.41616446758024 48.628723748963 -2.9410482486244005 15.397048152914092
1753.7230313389612 698.8830990347201 1.2430836105710608 32.32714662788807 61.23275062693674
60.70886583938227 67.17328983055936 15.613564207742437 6.167468391037723 20.096874254101124
1280.806778081879 696.2778947802606 -21.819650785194767 15.63709882675579 22.295898078024877
1192.8546012892596 837.8218869630107 21.503683274236163 -24.02532734211179 140.60089694729007
1618.5381856159102 422.35547157488855 -37.89323613227711 -22.17914479961365 123.22009311741945
282.45670512104937 420.64299674222866 4.836492485391242 -29.684375861783153 21.422605037741928
942.8812885522534 821.2997262513086 -13.251125847287193 48.44247818940346 146.43374490865082
61.47286988000232 600.7794711221081 35.14376425904455 6.57907817719654 158.2809963606638
891.412481104938 622.406663418167 -20.141796461326088 -16.762606209653264 59.060120913260015
1292.9563856025427 389.5236214412954 -46.18622157691933 -49.16055517226939 38.18396274035781
524.9612573815973 497.4465562343051 -29.40888092949886 -16.4307328133539 55.16765964750016
1042.482436182011 505.41797502212535 48.74276832106508 8.243466768811425 143.09414756360184
704.2582112350397 276.1368704259506 -26.836776611307812 9.457383116986618 91.41492246240561
1502.8453274989681 288.54267318212885 33.28438739542891 -35.42297949990238 153.9362918994699
69.82498226759552 801.7481639032458 -37.670263210862274 -19.343977162896074 30.854644414376907
1631.4084560147098 99.80543643349499 -32.648922351842 9.487675093979897 56.31810201903362
1077.2440785766291 50.481083181209875 34.66309107357309 49.23712403838516 16.448229458758487
876.1015563798821 796.4846441701234 46.38011752072405 15.975087471274719 84.71100103664517
1634.6469542066102 458.4392280525731 -39.69958545214174 46.279217659902685 154.7133529625184
421.93817110150127 575.7500823124474 -8.824176617849666 1.6909264087694664 133.0799112233633
1696.3421612684874 754.735652049551 -24.351557452341808 1.9624720422870223 85.59964199643974
1588.1491933468437 155.51608631452882 36.366005086541364 -5.91755955469746 88.26366606220857
532.4165240718137 446.0325186153639 2.8563277085438155 -25.962519636655156 146.7216864051582
83.26255042181123 946.9413123355238 39.41614559732367 28.800923178861105 122.58484898731966
317.6515222278773 820.7029958048089 37.6549251658509 -5.23753928717311 10.378559796231597
489.4722636954313 334.4177048682511 6.942283185842291 45.97278876952286 50.09816145490896
1752.8324570819666 275.46859779477666 -44.06630088851692 25.54056266776339 122.10328957784414
1114.7851871809871 750.2891085948207 -34.37123029039346 5.35381387300159 101.05265885578902
1263.456308123979 326.00923005054494 10.265808006700528 45.24935591525276 118.90562988112521
1484.165454417139 235.17049497411355 35.62845983980974 14.075721012393494 92.12110819150412
1495.7724365373733 59.438367600165186 31.142296382542767 -39.68613398421799 87.83288129595634
1435.259068257816 947.0274280596111 3.2011837510583008 -28.769074134856954 89.90966086354857
81.17800443908261 61.01276695981686 1.1451664285209828 18.67144040995382 127.25551662079495
1607.410400266281 798.6113602542781 33.89469542912049 -44.92980890509659 77.46626778673533
1290.2293723771888 791.8993514837445 22.445411708938234 6.71145449061048 20.510144423045396
1190.3152508086773 202.97908457817417 29.216707876525295 -39.18352069656136 91.81450024312205
597.2695651054707 477.710436524294 -35.811569598227535 -32.09071561349853 127.6686183808376
502.6147180662563 519.2689956299496 -41.024799982057594 -8.704279844633911 104.90175822302771
391.08992147415563 358.85876592744506 23.419699142498885 -21.862542420758924 14.559446686920676
1356.4399150690303 58.33690467516443 12.8277851818558 -13.416307067165235 54.312167817194435
813.6758453526288 350.1605298322949 4.665469718175109 -41.484183761343814 139.40042613233527
907.8866705281913 412.00993794651544 11.692815292814362 -17.937704158031064 148.29332651464355
1295.3006324187722 306.67110021339585 -35.863982478143285 -20.792153960567262 117.0074621230229
1530.7358357506682 256.3975805994306 20.210873524383732 12.625088522433703 135.31525139209066
614.7483091370918 120.18088233170533 46.344572919004534 -27.104927075166252 116.36597915969419
1662.6400592528842 183.76927749659555 -37.85639521401202 41.79074480787991 150.84514188697904
1047.8238225480854 802.3993841707776 -13.121845450720693 14.941525519990718 122.07334115444128
1224.2700880138636 787.892106798753 -17.74167209764863 22.255988947395412 76.2030442344206
1327.4527750883735 499.44311707468097 -35.175959308646654 -42.26601936242103 58.81295264603403
1638.4367546513522 752.4101788487451 30.73468191332266 -25.40889136363922 130.27497344871324
516.3310260776715 832.2147815182072 -36.7828168709821 12.651827805828198 35.47581996209005
522.4652981964822 422.888269038797 -6.630312795164361 -34.44147861597098 137.1085944004812
1557.3480503703186 649.5726481695666 -36.3386603330213 26.946084975028917 34.02067351387463
1383.67016260124 921.6507586376696 15.838114105960365 40.687335303434345 89.70373441026548
1751.8132033076995 698.3600086740437 41.38490737731194 -9.083603287905007 34.71921515754944
1138.8322704415618 645.6982631120633 0.03684162942894087 7.596716093006317 64.9304550927925
157.1394024533044 765.477171596762 -4.62193788970019 -41.34432172352355 73.47344235626812
149.379440018176 466.0164403062379 1.218275791165968 19.022444846103614 109.84990737280276
420.20872232325195 792.8780103109442 2.4406475594412558 -37.16440015081764 97.66514398797861
1418.372687795337 779.8058055658831 -43.6254450366094 -13.978403035698516 47.76024731576477
923.6244560596222 243.8644660444385 8.032239374586869 29.145300486104908 81.0953183542954
833.3578055324538 902.9205573329838 -3.590516819096523 -17.57100970446731 121.11742820692386
587.7547758248745 847.1077468107022 -3.598563047735792 41.746530000033935 147.4291730174242
744.1955939155457 89.53497231331716 -29.670112183970833 27.898382109933685 59.75895731622165
912.5500939428775 728.7744633706423 29.787798163401447 9.20909798212871 58.959571587539216
1741.777673655674 830.2452110225123 -38.63465119600319 -43.07447855121184 119.35110791698673
620.0658596745732 379.8751525911856 25.30644304246925 26.64178557368172 67.06158590397119
1315.2973414175287 473.0141096159292 39.01102453095133 -30.173754968044907 68.04410674499215
1609.2879115411351 288.9374409943864 -11.22574776245493 8.99910464014444 83.39979919686625
1421.8040915986005 487.18922571969364 42.9708169714465 -4.999486448045931 46.40679145977591
1611.9227425310346 94.35780599202783 39.112207211166336 -18.25081314312149 72.57886789148651
645.0451779891479 116.94623401332444 -25.591855570372257 -27.215640609850457 157.86685938188762
1346.3117620525934 697.884758813361 3.5180256712714852 -3.779011864000126 95.65078024288856
1415.1038607126845 753.6695043254473 5.402308226614306 -45.82905769077939 56.243894711836575
851.4269850789943 103.7776570811144 12.366103243062287 -9.939370982537898 147.70739130789693
1128.6847949772591 367.7782695412915 -48.264081247014666 23.626218280883883 84.2622930063521
566.224634201694 256.97634526188483 -29.65997785130039 29.43038330060278 57.03586868187297
1620.7795798300526 539.206451874239 -31.158996472474097 36.653580923279314 128.99613693037801
588.5328992653091 299.37726255776346 -25.218797580069097 -45.94465813540346 38.18327117324649
1144.1583604809434 786.069526740694 -28.290730390290943 -31.242508843820094 127.44794689718795
541.5333473535147 623.8718608844764 18.352404169065373 43.200412051140226 159.293895723126
287.06990612644074 425.99380701248134 -18.311172668895225 13.662742409174255 29.41170215468093
1574.0134542645205 310.56023694199206 -22.863556501122197 38.444769740564546 127.62221498243633
1133.6745642452765 91.19095837731267 15.27110402142352 32.27101766499566 115.52503711227864
479.50798869364746 784.4620510874121 0.050795429674133086 -4.924411932536399 75.90217417317317
474.1536710423294 522.7478383946334 40.20614140862182 28.649129138577788 132.17723537366317
1210.6496363813228 146.62772283302485 -14.648107144249833 -0.5265427460310668 20.830643827320813
713.8131463606417 471.9446060949858 -15.377305294988542 30.67572022996754 131.5034958346052
1312.2896197697075 634.8886157322797 35.98638977756554 35.496770639176276 40.2034313800913
1145.583181145065 655.9501034248544 36.384789947649224 47.72005561551234 54.950505026478
963.8525379803349 652.218725065261 10.139578414504625 23.142179502307613 93.9743238537554
1329.4761344099263 635.2738605941516 -32.13553010947958 9.34462308184607 142.32632708104498
1648.9231105524061 722.0204570692919 35.6157528859096 -8.723611994461166 140.7831473708138
1353.2423929473762 173.24293012226514 -40.11036865580855 2.5322489199619103 50.42470742296774
1164.0342205082477 754.3620980247505 -2.6938023516572707 0.6767520745895705 134.253065619418
551.715348648923 389.9428335497992 36.13696776152702 -8.079671645785568 125.41055602087602
1097.1928788607884 325.6164436762553 -26.835624365861754 -39.27727696900563 133.86991895620594
530.2892117363552 460.0057391524185 3.0461677983711244 -48.87589494406964 11.432875460209182
497.8395939037309 527.9749201652687 24.58477697564372 3.6478929749300892 34.65009526667042
71.36853981427555 514.8948549577244 -18.1412201230575 -46.8453392328199 123.25129868779987
1699.0289688972082 253.3939101182636 7.20332426514978 4.156497172530937 36.545187194298805
1198.28619274726 674.5354984799285 19.12153113293722 -34.54485988950877 87.97395402634409
1579.8326417728636 358.6915360575072 -25.201862483695148 -16.645446275416543 131.932019575857
1009.5300667888316 242.95720603039027 34.49027486523217 -1.9775570534597553 28.852407569371437
63.82569612246567 461.3349020219771 -4.37339357337172 -22.66738467437357 33.24980489460413
428.66215320279923 189.77361049135888 -36.45950613587993 40.8460650423676 52.10256514870451
270.4013054324836 837.0844013945754 -17.792199577960844 9.415181504163906 28.370290308911503
602.1600170515749 699.6413130553577 46.209018054093356 -44.562362355108576 144.1512445660874
1429.2802582536992 805.800471246817 -26.16985539258877 -2.8256267557501102 101.46359457461917
1674.7682832492096 590.1663690591328 5.197794013702406 12.063812052190471 25.872638065696727
1109.5018654263195 576.6378996600104 -20.92224274147474 -19.031577239780795 119.63745804040323
619.603206619663 773.994305804685 23.964749234661287 -26.48659553567183 110.19713820687265
1329.3083703778696 181.38705877830526 33.13156544751422 49.247060796930285 140.51027332486245
109.10388714873241 611.015437350831 30.67254177243538 -46.528514584302506 58.96056311795742
619.4094032606724 409.2625281260007 2.7833103759632105 -9.533247755298602 63.00149530405397
552.4433345015007 463.7905871799131 -3.41116592852847 35.04586281862593 81.6222278883937
1553.2337847579588 798.9466986511682 -41.166748747754944 44.54232942494547 120.20366470777033
360.7848512941153 924.5696457063892 -22.079963554710258 36.46412639674074 106.21656718135971
1042.872629258667 176.68737112111097 -39.77905110290061 -5.246387361981631 111.2987504329116
132.95961314559494 430.8082134073558 45.96520813328648 -3.2353450141154094 158.91026988815497
1389.7745652354597 111.806298766955 -37.180595191810404 9.414282477631563 153.5024753171977
801.0128703121565 272.1285722032418 27.910829018043703 16.3368533287786 61.203595597000096
825.9920495304783 503.7446897941649 -14.173969536979635 -49.05336714291233 59.21121455844714
1166.482746910284 723.5177453794668 -0.2732791051754502 -6.1183053548216515 150.12323600405117
1763.3616455109577 904.9598126511465 -25.80883465488981 46.902766116018 39.47939429028235
1019.177635421871 614.5729865452607 -47.29356458857199 22.782791824860425 49.781002727110746
1077.7469607805372 210.36111617393658 -27.819173887782068 5.606527742389577 149.10599607450138
419.16306388193834 574.2174891419448 -20.477043445919907 42.58273597037782 109.08739494302273
789.0282911841795 421.86995897951533 33.182071782151155 40.198853254680685 19.73658867744259
369.2832715212632 925.0072570011986 -33.39442438918145 33.39394832374701 127.9759344913658
90.39246995868274 392.99605596829235 -2.003771194493198 -15.246639398153139 114.11500636412256
1698.0689473696127 155.48179500436663 23.612571856320585 17.344711969224726 139.569765268141
1745.495409995019 316.50448008690717 -31.540526254999037 -20.347928763409172 92.91326181608088
195.63998598793583 876.5923225028221 -46.73558912606287 17.838983107798978 60.75826387721965
786.9297420599958 483.31812474588224 27.17624584773669 19.498791270279845 46.240121182732935
1016.1247070097758 586.7455408071233 -44.63477452440864 -22.6749538835727 14.692733385400523
744.1560011875177 184.34578347573273 25.905757796314212 -16.51156081991445 138.13214652494636
1068.1957479429564 386.16859960674634 46.08874564831032 -48.18239181105852 82.8955625750662
1173.5226265406427 572.0867373220148 4.725175567825646 -42.60491837186493 117.0641397550755
858.1770917168384 215.93039220905175 -49.78478966769222 -33.44254384482167 137.73883614218875
704.4243455166765 845.3500760322135 -41.91345898095447 49.30288300322049 59.12046134169515
571.5075013877133 159.9117341270168 21.715682314445505 14.442150028534506 59.81261493015377
1266.0915704593044 869.5064493706067 30.433107611334986 -46.94146061278662 98.1301908749189
1305.4452573144415 463.22507415519897 -37.30904706768676 16.301980809421433 14.589568276362836
883.366897154561 124.19653432843056 -22.14872836977021 18.409213168670092 26.31705333777428
1397.1606706922487 151.03409448412245 27.046790741787984 0.372517492916391 25.315495970472238
1781.3602514944116 659.7476948437346 49.57621520482625 3.2072113302250016 27.222180782708367
1383.7648805216309 304.46421839074833 12.351536402708707 34.635364102395314 19.321335388229237
1149.6714131624183 798.6541633373964 26.874956250346816 -41.72472327178497 114.54108020915682
437.44418410242025 381.43943382193055 -0.9356487375798084 -1.1682927774499974 24.163328299866066
133.36251696846367 496.87792547211836 -38.70592522325651 -9.040399835132074 95.63637428201913
1476.3773385608715 790.0073661768774 -7.206538457432221 -21.768942861222484 62.94848082899112
1438.8352813422816 265.50848739350323 10.437987929339808 -30.45949619127396 108.74878817464365
1268.274590313643 399.2574621158412 -46.44326454111219 15.55466235796612 130.78133550035565
1206.8384562460326 882.1233951250792 9.857023401007325 32.07326231417331 40.07896010332673
234.54560418090338 541.6013227709451 -38.652102034276936 -35.733482727165836 120.95762967526846
377.9701153472504 405.22737060395815 3.3543897933245526 3.507561248197677 80.04363801397962
91.73438879653466 342.32989202968906 13.898629297243904 40.774154809559825 150.90690788652734
1489.0541477269082 658.1823864459088 -8.287676174967174 -28.240871733982587 11.057039432323586
878.9937677063707 144.4168766712831 -11.329319613016796 -3.4913145367008735 138.11934326452763
1424.8179848745644 411.40939751468864 38.69698674814816 33.519365083459405 68.431129938938
1133.151182474398 253.9889144024251 24.17618869408158 -3.476929923861616 40.645884361853035
1181.3754668462234 55.23640825503241 -18.001246828496843 -35.2105367191725 57.550347407282885
1612.0730710945666 154.2820555433902 -2.86565220177869 48.86682319210478 159.09241559253059
776.4660909432782 289.0459120181164 -49.16858968640854 -40.72274079162674 47.823422545796234
1654.3927448395157 151.8632221240642 42.216837345067326 29.83333354204817 47.28935972969322
1631.4091887754578 425.3567729067749 -41.85505875447216 -16.175627486557598 65.35832771799218
554.6476089476356 71.09178396822672 -5.236424105558079 -27.93481519967802 30.55296540321182
518.8206943936982 816.7416954691713 -42.74100872898187 36.925642905070056 142.49996139117874
653.9871123408561 682.967203886056 37.47797402918206 -45.16255341722047 138.3018198875783
1325.6932432714202 307.17988580757236 -24.782390434587764 41.21382826664545 13.812310187160866
1182.9734157135517 388.4554607639289 17.41236050788992 -35.42373288100158 84.98467774535725
508.1662652594062 812.2768290624207 29.88197524458325 19.62292924698653 12.619061223197283
225.8016865946002 208.9722179371928 26.268274151487127 -13.67062895248613 89.13949351817975
1011.7766820549871 271.0248606908185 27.861620971996437 -22.010816183518077 22.524752776467707
1419.3101711195447 116.85120836605842 25.963336065502318 -22.431330510809154 97.85841893690689
551.086117760226 638.2563336256549 25.542767855248204 -36.661809268246756 79.4514834225351
1191.324305709544 454.32942324249 -37.5800645720504 -49.982640552146066 146.99334960337382
527.0739291206171 206.0535513093664 16.974553717097496 -29.659759311102096 96.51761420178504
575.6606151630486 392.887451657409 -32.46332540719893 5.361854069724559 158.70878810096
78.65975074521864 435.08181531795054 18.052124881407828 0.757428892345835 68.7707760438067
1506.0884478844669 116.8076960034334 -34.7003643698675 0.5019878725542881 26.17416979931587
600.111165190375 425.6232550856026 25.684260467994548 28.580856400267653 144.42917471741876
512.8726851729446 730.7296219803011 0.028010688134783024 47.74344389283578 62.581838136825624
1195.1782140108774 72.09302250438991 -0.5904245724310808 12.452864558699572 113.28634153398356
1068.4693391730525 85.02950384463378 8.940586740102074 26.938569714325624 121.66777564546173
257.7015722708459 484.65850365071066 -1.2512922764861156 16.438239203875092 90.54369566003986
1407.3708025020062 843.3316308114514 -2.2481254673393347 18.492858775378206 111.4825947905636
1220.6332144205346 464.46534140086817 -3.4674104811567186 28.863282922423437 72.1437348666352
1678.9519754030848 430.73286501237345 16.097547950481918 -21.60622719519495 150.38641275938255
769.1945705797424 723.669100949524 12.173088220448147 -0.5420119575898719 127.1206330599384
414.99748320900744 560.8191213946094 2.5491868935033746 15.568527372583695 15.79279582179807
639.9349199883459 613.3125367261752 -18.45069471808698 -20.847112286436342 97.34308655825252
1010.030772428091 144.75607051094926 -0.8287917025505576 -3.917841991330062 94.82791898064085
1036.238467196732 877.9668882741856 15.640106703953983 40.39907951042257 108.92007030439227
285.8521662062974 601.2031785151506 -40.57568073217897 -37.34597761468456 153.15848547889655
1220.2048166340837 389.43247856478246 38.57288977283987 -36.33927007762583 103.439968281901
551.1510307503146 465.1372605611257 -33.78211064052966 -2.030947777557335 31.227371590718754
243.47886782540837 817.6854311208068 29.274952792850584 -3.3000738148540654 26.928473129686967
115.60528937796545 104.56026968044839 -21.390654662836894 -20.878079777058367 27.06404998762883
210.5636640452221 797.2465844354825 -12.13605624185684 -34.577743274329066 28.094403396350607
839.5354088145632 303.2400446837113 -35.344966999576734 22.652037076932608 73.84633531539976
1172.2840940961275 114.3816226103317 -21.682561189332795 40.42874495132436 63.083763597033474
1417.5454848210504 725.8966784180251 -3.0899285216108074 35.96230678943787 19.213357326598413
246.5995544994389 624.7222654176222 -40.59944618922143 33.13911253504187 106.92226600294666
376.3639488970952 909.4607464156843 -32.20751032275937 3.983983063834484 58.79304249419512
95.94831452728579 763.2994887832963 -45.55060199848242 14.588471471612374 22.28116993202216
815.5834662310948 494.12189583956746 -29.729493099215265 8.836260368635829 48.930709631567666
94.15263381500098 307.43092539024815 -47.88603467802316 -37.00722651597332 126.6795286882271
458.5846592329886 333.8429146656659 19.964128903012835 15.576526718784589 24.702255138611214
370.86505371558616 526.8023311776542 0.8263547266920357 -38.7715192100834 62.11116853925438
891.5920733310244 684.8882836507158 16.699433274458965 46.15284611712212 89.07341048368743
1184.189762571726 910.3820229899989 12.411088999312414 -20.157776372128 116.07350080128609
979.6315704895878 428.81858305253525 44.80385638456737 -4.876518498943872 123.72665945420013
713.8994828988237 404.0298053734802 29.288140210174905 6.522424200710142 94.63833901257141
1070.8021788736846 823.5107795179083 44.034808494254385 29.931468844655896 41.41466546386
1762.3714756422162 359.88743967467815 16.093293741199112 -30.384654103867803 33.44633701043415
1067.5115131040236 911.316031632501 -11.8953815407963 32.40956911688664 114.60219878265939
711.6047422901303 74.51253600028906 -7.2259805431468145 -34.19648169107281 68.07478738729387
396.5044900804052 630.7628847115514 40.47871216241747 20.199708520969118 95.10975190142557
1153.4242690775602 839.4484290761467 41.3943443610299 44.09822842275874 115.21481068321738
486.0939070697265 849.6177227086401 11.718540829222835 -18.079362973571655 150.04775635939373
1092.0374969551833 709.2776580333889 -46.35641800792413 37.50563109311725 149.4343126167869
1630.0238029329612 349.0516291615883 -22.582370970869047 39.790033116530374 129.70029716002728
1621.6347186275261 198.5205841232757 -22.401546965494134 26.84619516179463 158.276484110313
1274.999617480309 466.6217762889283 -21.899153345662924 41.14722253605119 23.445193359728897
1454.7209438362997 691.9041974109343 9.40549912413432 -10.959407333811233 22.173289499777113
63.83614190361651 439.3070778863105 -26.25013910368481 -24.362907843110058 129.14066046308648
594.6695039136636 211.00092472247957 23.562864840921726 34.58479045846392 123.60608844662258
895.2313916562231 655.5553518275572 -33.63023409833503 18.974214350038498 34.61877172599978
1498.7871301588534 544.0384535005127 -38.7180136494377 -0.1508694710981362 85.43179412926757
504.79182157031875 419.877993126131 -1.2261100127946678 45.040532967105285 45.54734419656603
1108.5013531479972 561.3940926394596 -6.542465287802479 -7.761433574606425 16.96709906303216
681.624850627753 786.7069615913119 40.14913296907925 4.975074719450379 71.59352569430122
313.49991471222205 905.0548453525342 38.087619069533154 17.194890106840475 43.78332258100294
1070.6858794939294 827.8082937567858 46.64859049233433 0.8466005061997017 140.7765549827303
226.48591330294695 730.8530693247019 -36.85213889209669 -38.37996888210902 76.05219702293147
679.3221473440544 844.3900614120605 44.979959254697775 39.97987419094756 34.46019747930468
499.21700269464975 573.848709378042 18.076924140582552 -1.2719485858769919 108.3839299888394
1246.8849156687913 320.0749611795944 -0.48185803061034926 28.11505130152935 140.52691057299288
1135.5840002320847 902.6533373804115 -40.11540372045677 -16.16941386380256 121.44239262684538
1209.7804348384145 72.11944380956972 48.73173355552274 -19.03780467009355 48.90997710756811
270.3952811073748 282.1733358966177 24.715925455686683 -37.57296929816021 42.081506202435975
70.37313393824763 397.70102538145153 8.60160523075104 16.576184443391263 159.443521660427
377.3635119026618 907.1472629814933 20.328456242077152 33.569945374444835 11.538374271503507
772.3255917873231 620.8763644225103 -47.78620520896776 49.09074143707951 130.62514416772092
505.47520229640065 133.48425343732168 8.75864942946044 39.23385117087987 122.40333552950801
96.42232292440943 329.11381981866737 -37.120903333590526 -21.953918697759633 146.66651616742828
1730.7414276124607 779.8591064086822 17.42513912871917 -40.18011253289126 79.06869715222555
389.9471352200238 90.35827382367074 -10.918383464388326 48.717223314971704 67.52249317378761
451.4002852602288 308.9294932083435 -31.439649835471396 26.530736368502804 67.3850638656431
1708.1199863307213 670.7003748878662 -16.536434371051435 15.95642525252452 59.42136989987058
127.43931444315058 513.1190493572117 -14.74020645508981 41.762893804006026 68.91823557312071
1752.9037971849984 226.25314860253067 4.152372337295251 47.12294803120381 84.8443005957539
1463.135310992683 112.92539906761492 3.2349819118161482 -28.437437835698166 69.93645305882278
351.2064177041822 332.2198608200362 -21.670813420737247 45.26856259990137 147.59014826483912
149.82734033406112 741.4984092423525 -47.24174379677499 21.31562402463132 143.84631761370085
1000.7685331045049 287.8480994120754 47.38871330925804 10.02225846272411 148.27717507217704
760.8417662590242 904.6834638049583 39.06525216745981 -27.00820146146663 66.85951466592046
666.0758126631763 812.5639720539973 16.774420014238554 5.279733329916159 124.73216583655483
1134.2209340398665 614.2957940880361 31.965637765745992 -15.698201267843292 126.17783677225839
212.79137998249624 529.6766966994555 47.07918069672399 -3.8782306277466927 142.65223959891415
1219.3506531917806 839.1042816661031 18.49937272361656 -24.0203671940022 128.74167692334103
1245.3884961297342 537.3135667957936 35.82981714632487 5.192676518532558 10.739247239287721
430.7691887019864 74.43785803307571 -5.378883812866153 -48.941480722529185 149.7516387120626
647.8929338590556 548.4284387649122 30.138239096586638 25.460155262160022 88.34058253474248
1416.2443721083182 120.63031826414202 -6.880614760595938 -48.48103829835361 146.741877467089
619.5204656339846 863.6225842009356 -28.222287084778475 -7.191868439340931 108.2151599558596
453.83912837273573 682.396146444149 11.861130722807122 4.1646772291734635 157.29922034345907
1489.2246488672495 931.9890032770742 39.968436001132126 -49.19602660625071 124.20595071683658
556.215238971105 356.95067064158945 17.141730535082022 -5.79798597899428 11.769723337983026
63.04336620940485 280.1657361505499 19.032898820470066 40.31299655294281 18.76055422480485
544.250299563593 696.0852961535014 26.12136640744084 25.999527978135884 144.0029827272412
554.0427973997541 311.24866338416365 -37.0282864358213 -20.949157113431415 144.91227859953503
1710.4134280321061 285.87564005715456 -3.6884893562286414 44.18735879692962 80.72778964772465
1423.582013690326 120.22024969194382 -44.159482394033645 -2.124793697704952 66.6240346798892
856.8529419882511 843.1953676198495 -28.32872524747926 41.984123176205614 18.246883862147435
1627.6412155422602 57.21182562798126 13.566450240140215 10.39203016584047 81.5065928383712
810.2307174205963 538.251193720497 8.477680542136756 38.83810488490899 103.3446540244627
1149.7391055948062 124.40764963247396 41.579323008030386 -24.38032892463552 75.6467804607367
733.7691649790211 601.0253895614733 -39.29688550365673 -33.37220797731969 25.523559133920372
1520.2724036877055 885.9588479226007 44.46132467864202 -13.087683647573222 107.50850446930902
1015.384657810287 692.4575226693744 -23.312810986518016 27.33512585592005 141.67104138554558
1787.30495982992 936.2043012989631 -16.08440270355047 -22.45209982142352 141.0824721214439
1075.1309430367492 430.62244386104925 5.510796769684001 28.89637186021181 111.10061712454046
378.3612271268138 332.1572180996312 43.9566345542435 -30.644218933839905 38.2353755145839
1686.2763927070944 771.8381340016119 43.311835471303795 37.52618204112843 152.54399679038545
1422.687912747547 88.03635137277625 -4.365034312327653 27.077209842479355 150.716013852726
75.3483728479884 96.89464485129872 -45.96790739159889 10.938475218592014 31.37502636468911
955.874784931373 928.0875732280755 -44.811765400118986 -9.038100424600037 68.77800297445208
230.38974377546177 335.3308554991168 -35.477551551610254 -31.646189737144436 121.24388395432639
379.40489528459955 538.606239136451 10.686422186966238 -6.886289009811064 89.73389077045684
603.8320592765816 444.354436605784 -24.108970297762333 -30.149436953636013 62.8581302331844
718.4602903174485 679.5451818015559 3.498776523490299 -29.422795809863022 115.91451395718731
311.98186544100383 613.6230113745856 18.350729611048276 -6.588054668491761 132.17637991730754
1167.5634101263831 553.0560460230224 6.80488932653488 47.93652522270726 11.015792260325465
1224.6680435898609 189.26153583187303 49.06563816237872 25.93112438824059 51.435061494569034
61.89901489207554 462.4970614271497 47.51547895303324 3.6734201605806205 91.3108487653107
563.4855180728405 248.32928616971006 -3.3701034181296663 1.5131978009037983 39.70663646939072
1497.5454454192209 476.6537054297945 -11.964313631968526 -36.341010428178045 16.921356899212626
1620.0091335406748 633.1738604422648 -36.5806037171191 -7.2311498584052725 92.93093128623057
1577.5461718930042 475.01893090351166 -22.966800236365394 -10.546089936306569 137.60418988766904
1765.9003038239132 599.9908472332692 31.281047883592063 -31.394205435550393 109.25517378076744
97.57114660701512 939.8960939216678 14.56631126548934 -17.354130994655137 80.23783393073869
1756.8956446345742 600.2774104131521 -23.426884980715613 -5.470846056124001 139.09239899960062
940.7385871304258 267.80636051093325 -33.55394394372841 -5.094081744766421 55.40126908758185
473.9957838487619 602.1207062181041 -11.287047969770537 -48.03879809290692 85.43494396811607
370.47344992976747 548.254661634139 29.477925706450936 -20.996098352481805 30.733583154144224
1516.859029460082 151.35457458771322 29.957172939488807 -36.05205169880307 30.856868163872118
1383.6490718880016 343.4485885411218 -43.759542272477034 2.4569693112372004 87.84648225361751
1000.3806684994686 553.0707063136754 -47.47125490915111 22.260473579000827 60.366515219860794
337.8576447062736 453.24621027337037 22.36103973824598 -36.87375655920558 49.72929312239712
1691.9869294747746 630.8638529352356 -41.6276021094628 40.811131908970836 123.23273324573914
91.75185524404188 759.673098073083 -23.043140321387202 36.81951663519353 110.22539932009995
790.4137023942775 555.1716008563321 4.283784584380424 2.0394157178315497 61.35317438112893
599.8484302518849 73.09379888863646 -11.803127496558774 -30.74028850404091 48.252951947712106
1490.1423685244774 160.3418512875756 5.001100140114478 -4.907233143022016 133.25278075659574
732.9375931337273 894.9137800111689 -49.952848602872265 18.658726458447884 145.06714968609433
1517.537560550479 331.397965317635 4.7147208761161075 -40.09031166648103 152.83018684521565
1685.8441270126625 930.9494374442631 -13.512092301793743 7.176959410966354 154.6865212795841
1235.7306423092023 901.2019256172209 -14.451950896815259 -18.55557943652685 14.288989446640151
940.3755668201835 235.824595423582 -1.8009428796619598 47.89407211800912 88.39485989861275
455.91370579375786 73.73625058507231 -26.339398440515204 19.054966602448964 152.92240004035244
1186.1021689170577 806.4823694937492 -19.67181840690799 -46.72598121221533 105.34148841161965
1050.7966380045843 672.9922744764267 30.054525130175623 -7.627246063394044 86.5307194793926
1674.4701382986966 725.7558356902654 -26.031472020606707 -22.2538111432221 90.14625665423003
94.21708175713654 104.48415025627564 -34.177379051744225 -24.29164023577226 100.0517793295323
1185.5710627444764 352.5938919825757 37.935925734353106 3.7769419857793918 16.11726326910474
1704.310731061943 629.289064842926 -31.083206620234428 16.21186533398149 84.62933874760479
235.6925032691877 670.7288282006393 -30.04444349558866 2.066221317876038 31.34715580181724
791.1207798353574 461.8860918280201 41.55990318961849 -11.350707606901134 69.8313585198559
1270.1644928832125 613.1016514457151 10.128125669088384 13.229528175509596 65.30076411076598
